
#T-YPR#149.00#YPR=#-129.58,-1.24,-0.60#T-acc#143.00#Am-Raw#8.19,-3.07,271.36#T-mag#143.00#Mm-Raw#-12.83,17.50,93.83#T-gyr#141.00#Gm-Raw#23.00,44.00,-628.00#DCM:#-0.64,0.77,0.02,-0.77,-0.64,0.01,0.02,-0.01,1.00,

#T-YPR#186.00#YPR=#-129.56,-1.22,-0.55#T-acc#178.00#Am-Raw#7.17,-3.07,271.36#T-mag#180.00#Mm-Raw#-13.17,18.00,93.33#T-gyr#178.00#Gm-Raw#23.00,44.00,-3.00#DCM:#-0.64,0.77,0.02,-0.77,-0.64,0.01,0.02,-0.01,1.00,

#T-YPR#221.00#YPR=#-129.53,-1.16,-0.51#T-acc#215.00#Am-Raw#7.17,-3.07,270.34#T-mag#215.00#Mm-Raw#-12.83,18.00,93.67#T-gyr#212.00#Gm-Raw#23.00,43.00,-3.00#DCM:#-0.64,0.77,0.02,-0.77,-0.64,0.01,0.02,-0.01,1.00,

#T-YPR#258.00#YPR=#-129.47,-1.11,-0.48#T-acc#249.00#Am-Raw#6.14,-2.05,270.34#T-mag#251.00#Mm-Raw#-13.17,17.67,93.67#T-gyr#249.00#Gm-Raw#23.00,44.00,-3.00#DCM:#-0.64,0.77,0.02,-0.77,-0.64,0.01,0.02,-0.01,1.00,

#T-YPR#292.00#YPR=#-129.47,-1.04,-0.41#T-acc#286.00#Am-Raw#8.19,-3.07,271.36#T-mag#288.00#Mm-Raw#-13.50,17.67,93.83#T-gyr#284.00#Gm-Raw#23.00,43.00,-3.00#DCM:#-0.64,0.77,0.02,-0.77,-0.64,0.01,0.02,-0.01,1.00,

#T-YPR#329.00#YPR=#-129.48,-1.05,-0.40#T-acc#323.00#Am-Raw#8.19,-3.07,273.41#T-mag#323.00#Mm-Raw#-13.00,17.67,93.67#T-gyr#321.00#Gm-Raw#22.00,42.00,-2.00#DCM:#-0.64,0.77,0.02,-0.77,-0.64,0.01,0.02,-0.01,1.00,

#T-YPR#366.00#YPR=#-129.46,-1.05,-0.38#T-acc#358.00#Am-Raw#8.19,-3.07,270.34#T-mag#360.00#Mm-Raw#-13.17,17.67,93.83#T-gyr#356.00#Gm-Raw#23.00,44.00,-4.00#DCM:#-0.64,0.77,0.02,-0.77,-0.64,0.01,0.02,-0.01,1.00,

#T-YPR#401.00#YPR=#-129.45,-1.06,-0.37#T-acc#395.00#Am-Raw#8.19,-3.07,269.31#T-mag#395.00#Mm-Raw#-13.33,18.00,93.33#T-gyr#393.00#Gm-Raw#22.00,44.00,-3.00#DCM:#-0.64,0.77,0.02,-0.77,-0.64,0.01,0.02,-0.01,1.00,

#T-YPR#438.00#YPR=#-129.44,-1.07,-0.36#T-acc#430.00#Am-Raw#7.17,-3.07,270.34#T-mag#432.00#Mm-Raw#-13.00,17.83,93.00#T-gyr#430.00#Gm-Raw#23.00,44.00,-3.00#DCM:#-0.64,0.77,0.02,-0.77,-0.64,0.01,0.02,-0.01,1.00,

#T-YPR#473.00#YPR=#-129.41,-1.04,-0.35#T-acc#466.00#Am-Raw#7.17,-2.05,270.34#T-mag#468.00#Mm-Raw#-13.17,18.00,93.50#T-gyr#464.00#Gm-Raw#23.00,44.00,-3.00#DCM:#-0.63,0.77,0.02,-0.77,-0.63,0.01,0.02,-0.01,1.00,

#T-YPR#509.00#YPR=#-129.39,-1.02,-0.31#T-acc#503.00#Am-Raw#7.17,-4.10,273.41#T-mag#503.00#Mm-Raw#-13.50,17.67,93.83#T-gyr#501.00#Gm-Raw#22.00,43.00,-3.00#DCM:#-0.63,0.77,0.02,-0.77,-0.63,0.01,0.02,-0.01,1.00,

#T-YPR#546.00#YPR=#-129.41,-0.99,-0.35#T-acc#538.00#Am-Raw#7.17,-4.10,271.36#T-mag#540.00#Mm-Raw#-13.00,18.00,93.83#T-gyr#536.00#Gm-Raw#23.00,44.00,-3.00#DCM:#-0.63,0.77,0.02,-0.77,-0.63,0.01,0.02,-0.01,1.00,

#T-YPR#581.00#YPR=#-129.37,-0.97,-0.38#T-acc#575.00#Am-Raw#7.17,-4.10,270.34#T-mag#575.00#Mm-Raw#-13.33,17.33,93.67#T-gyr#573.00#Gm-Raw#22.00,44.00,-2.00#DCM:#-0.63,0.77,0.02,-0.77,-0.63,0.01,0.02,-0.01,1.00,

#T-YPR#618.00#YPR=#-129.40,-0.96,-0.41#T-acc#610.00#Am-Raw#7.17,-3.07,271.36#T-mag#612.00#Mm-Raw#-13.33,17.67,94.00#T-gyr#610.00#Gm-Raw#23.00,43.00,-4.00#DCM:#-0.63,0.77,0.02,-0.77,-0.63,0.01,0.02,-0.01,1.00,

#T-YPR#653.00#YPR=#-129.40,-0.95,-0.40#T-acc#647.00#Am-Raw#7.17,-2.05,270.34#T-mag#649.00#Mm-Raw#-12.67,17.83,93.33#T-gyr#645.00#Gm-Raw#22.00,42.00,-3.00#DCM:#-0.63,0.77,0.02,-0.77,-0.63,0.01,0.02,-0.01,1.00,

#T-YPR#690.00#YPR=#-129.33,-0.94,-0.35#T-acc#684.00#Am-Raw#9.22,-4.10,273.41#T-mag#684.00#Mm-Raw#-13.00,17.83,93.17#T-gyr#681.00#Gm-Raw#23.00,42.00,-3.00#DCM:#-0.63,0.77,0.02,-0.77,-0.63,0.01,0.02,-0.01,1.00,

#T-YPR#727.00#YPR=#-129.29,-1.01,-0.38#T-acc#718.00#Am-Raw#7.17,-4.10,271.36#T-mag#720.00#Mm-Raw#-13.50,18.17,93.33#T-gyr#716.00#Gm-Raw#23.00,43.00,-3.00#DCM:#-0.63,0.77,0.02,-0.77,-0.63,0.01,0.02,-0.01,1.00,

#T-YPR#761.00#YPR=#-129.28,-0.99,-0.41#T-acc#755.00#Am-Raw#8.19,-3.07,269.31#T-mag#755.00#Mm-Raw#-13.17,18.33,93.17#T-gyr#753.00#Gm-Raw#22.00,43.00,-4.00#DCM:#-0.63,0.77,0.02,-0.77,-0.63,0.01,0.02,-0.01,1.00,

#T-YPR#798.00#YPR=#-129.22,-1.01,-0.39#T-acc#790.00#Am-Raw#7.17,-4.10,271.36#T-mag#792.00#Mm-Raw#-13.00,17.83,93.17#T-gyr#790.00#Gm-Raw#23.00,43.00,-2.00#DCM:#-0.63,0.77,0.02,-0.77,-0.63,0.01,0.02,-0.01,1.00,

#T-YPR#833.00#YPR=#-129.19,-0.99,-0.42#T-acc#827.00#Am-Raw#7.17,-4.10,272.38#T-mag#829.00#Mm-Raw#-13.17,17.83,94.00#T-gyr#825.00#Gm-Raw#23.00,43.00,-3.00#DCM:#-0.63,0.77,0.02,-0.77,-0.63,0.01,0.02,-0.01,1.00,

#T-YPR#870.00#YPR=#-129.18,-0.98,-0.44#T-acc#862.00#Am-Raw#7.17,-3.07,271.36#T-mag#864.00#Mm-Raw#-12.67,17.83,93.17#T-gyr#862.00#Gm-Raw#22.00,43.00,-3.00#DCM:#-0.63,0.78,0.02,-0.78,-0.63,0.01,0.02,-0.01,1.00,

#T-YPR#907.00#YPR=#-129.12,-0.96,-0.42#T-acc#899.00#Am-Raw#7.17,-4.10,269.31#T-mag#901.00#Mm-Raw#-13.50,17.67,93.67#T-gyr#897.00#Gm-Raw#23.00,43.00,-5.00#DCM:#-0.63,0.78,0.02,-0.78,-0.63,0.01,0.02,-0.01,1.00,

#T-YPR#942.00#YPR=#-129.14,-0.95,-0.44#T-acc#935.00#Am-Raw#8.19,-2.05,270.34#T-mag#935.00#Mm-Raw#-13.67,18.00,93.67#T-gyr#933.00#Gm-Raw#23.00,43.00,-3.00#DCM:#-0.63,0.78,0.02,-0.78,-0.63,0.01,0.02,-0.01,1.00,

#T-YPR#978.00#YPR=#-129.15,-0.99,-0.38#T-acc#970.00#Am-Raw#8.19,-3.07,271.36#T-mag#972.00#Mm-Raw#-13.00,18.00,93.83#T-gyr#970.00#Gm-Raw#22.00,43.00,-4.00#DCM:#-0.63,0.78,0.02,-0.78,-0.63,0.01,0.02,-0.01,1.00,

#T-YPR#1013.00#YPR=#-129.11,-1.01,-0.37#T-acc#1007.00#Am-Raw#7.17,-4.10,272.38#T-mag#1009.00#Mm-Raw#-13.33,17.67,93.83#T-gyr#1005.00#Gm-Raw#23.00,42.00,-4.00#DCM:#-0.63,0.78,0.02,-0.78,-0.63,0.01,0.02,-0.01,1.00,

#T-YPR#1050.00#YPR=#-129.12,-0.99,-0.40#T-acc#1044.00#Am-Raw#7.17,-2.05,271.36#T-mag#1044.00#Mm-Raw#-13.00,18.00,94.00#T-gyr#1042.00#Gm-Raw#23.00,43.00,-3.00#DCM:#-0.63,0.78,0.02,-0.78,-0.63,0.01,0.02,-0.01,1.00,

#T-YPR#1087.00#YPR=#-129.09,-0.97,-0.35#T-acc#1081.00#Am-Raw#5.12,-2.05,270.34#T-mag#1081.00#Mm-Raw#-13.17,17.50,93.50#T-gyr#1079.00#Gm-Raw#23.00,44.00,-4.00#DCM:#-0.63,0.78,0.02,-0.78,-0.63,0.01,0.02,-0.01,1.00,

#T-YPR#1124.00#YPR=#-129.10,-0.88,-0.31#T-acc#1118.00#Am-Raw#7.17,-4.10,271.36#T-mag#1118.00#Mm-Raw#-13.50,18.17,94.00#T-gyr#1116.00#Gm-Raw#23.00,43.00,-3.00#DCM:#-0.63,0.78,0.01,-0.78,-0.63,0.01,0.02,-0.01,1.00,

#T-YPR#1161.00#YPR=#-129.10,-0.88,-0.35#T-acc#1155.00#Am-Raw#7.17,-3.07,271.36#T-mag#1155.00#Mm-Raw#-13.00,17.83,93.83#T-gyr#1153.00#Gm-Raw#22.00,44.00,-3.00#DCM:#-0.63,0.78,0.01,-0.78,-0.63,0.01,0.02,-0.01,1.00,

#T-YPR#1198.00#YPR=#-129.07,-0.89,-0.35#T-acc#1191.00#Am-Raw#7.17,-3.07,271.36#T-mag#1191.00#Mm-Raw#-13.00,17.67,93.67#T-gyr#1189.00#Gm-Raw#22.00,44.00,-3.00#DCM:#-0.63,0.78,0.01,-0.78,-0.63,0.01,0.02,-0.01,1.00,

#T-YPR#1234.00#YPR=#-129.05,-0.89,-0.34#T-acc#1226.00#Am-Raw#7.17,-3.07,270.34#T-mag#1228.00#Mm-Raw#-13.17,17.50,93.83#T-gyr#1226.00#Gm-Raw#22.00,42.00,-4.00#DCM:#-0.63,0.78,0.01,-0.78,-0.63,0.01,0.02,-0.01,1.00,

#T-YPR#1271.00#YPR=#-129.05,-0.90,-0.34#T-acc#1263.00#Am-Raw#6.14,-3.07,270.34#T-mag#1265.00#Mm-Raw#-13.00,18.00,93.83#T-gyr#1263.00#Gm-Raw#22.00,43.00,-3.00#DCM:#-0.63,0.78,0.01,-0.78,-0.63,0.01,0.02,-0.01,1.00,

#T-YPR#1308.00#YPR=#-129.01,-0.86,-0.34#T-acc#1300.00#Am-Raw#6.14,-3.07,269.31#T-mag#1302.00#Mm-Raw#-13.17,17.50,94.00#T-gyr#1300.00#Gm-Raw#22.00,42.00,-4.00#DCM:#-0.63,0.78,0.01,-0.78,-0.63,0.01,0.02,-0.01,1.00,

#T-YPR#1345.00#YPR=#-129.02,-0.84,-0.34#T-acc#1337.00#Am-Raw#5.12,-3.07,271.36#T-mag#1339.00#Mm-Raw#-13.00,17.83,93.33#T-gyr#1337.00#Gm-Raw#22.00,42.00,-3.00#DCM:#-0.63,0.78,0.01,-0.78,-0.63,0.01,0.01,-0.01,1.00,

#T-YPR#1382.00#YPR=#-128.98,-0.77,-0.34#T-acc#1374.00#Am-Raw#7.17,-3.07,272.38#T-mag#1376.00#Mm-Raw#-13.00,17.67,93.50#T-gyr#1374.00#Gm-Raw#23.00,44.00,-3.00#DCM:#-0.63,0.78,0.01,-0.78,-0.63,0.01,0.01,-0.01,1.00,

#T-YPR#1419.00#YPR=#-128.96,-0.79,-0.34#T-acc#1411.00#Am-Raw#7.17,-3.07,272.38#T-mag#1413.00#Mm-Raw#-13.00,18.00,93.83#T-gyr#1409.00#Gm-Raw#23.00,44.00,-3.00#DCM:#-0.63,0.78,0.01,-0.78,-0.63,0.01,0.01,-0.01,1.00,

#T-YPR#1454.00#YPR=#-128.91,-0.81,-0.33#T-acc#1447.00#Am-Raw#7.17,-2.05,272.38#T-mag#1449.00#Mm-Raw#-13.00,18.00,93.83#T-gyr#1445.00#Gm-Raw#23.00,43.00,-4.00#DCM:#-0.63,0.78,0.01,-0.78,-0.63,0.01,0.01,-0.01,1.00,

#T-YPR#1490.00#YPR=#-128.86,-0.83,-0.29#T-acc#1484.00#Am-Raw#7.17,-5.12,272.38#T-mag#1486.00#Mm-Raw#-13.00,17.50,93.17#T-gyr#1482.00#Gm-Raw#23.00,42.00,-3.00#DCM:#-0.63,0.78,0.01,-0.78,-0.63,0.01,0.01,-0.01,1.00,

#T-YPR#1527.00#YPR=#-128.85,-0.84,-0.37#T-acc#1521.00#Am-Raw#8.19,-4.10,271.36#T-mag#1523.00#Mm-Raw#-13.17,17.50,93.83#T-gyr#1519.00#Gm-Raw#23.00,43.00,-4.00#DCM:#-0.63,0.78,0.01,-0.78,-0.63,0.01,0.01,-0.01,1.00,

#T-YPR#1564.00#YPR=#-128.86,-0.89,-0.40#T-acc#1558.00#Am-Raw#7.17,-3.07,270.34#T-mag#1558.00#Mm-Raw#-13.50,17.83,93.33#T-gyr#1556.00#Gm-Raw#23.00,44.00,-3.00#DCM:#-0.63,0.78,0.02,-0.78,-0.63,0.01,0.02,-0.01,1.00,

#T-YPR#1601.00#YPR=#-128.86,-0.89,-0.39#T-acc#1595.00#Am-Raw#7.17,-3.07,273.41#T-mag#1595.00#Mm-Raw#-12.83,17.83,93.50#T-gyr#1593.00#Gm-Raw#22.00,43.00,-3.00#DCM:#-0.63,0.78,0.02,-0.78,-0.63,0.01,0.02,-0.01,1.00,

#T-YPR#1638.00#YPR=#-128.82,-0.89,-0.38#T-acc#1632.00#Am-Raw#8.19,-3.07,271.36#T-mag#1632.00#Mm-Raw#-12.50,17.67,93.83#T-gyr#1630.00#Gm-Raw#22.00,44.00,-4.00#DCM:#-0.63,0.78,0.01,-0.78,-0.63,0.01,0.02,-0.01,1.00,

#T-YPR#1675.00#YPR=#-128.77,-0.93,-0.37#T-acc#1669.00#Am-Raw#7.17,-2.05,271.36#T-mag#1669.00#Mm-Raw#-13.33,18.00,94.17#T-gyr#1667.00#Gm-Raw#23.00,44.00,-4.00#DCM:#-0.63,0.78,0.02,-0.78,-0.63,0.01,0.02,-0.01,1.00,

#T-YPR#1712.00#YPR=#-128.76,-0.92,-0.33#T-acc#1705.00#Am-Raw#7.17,-3.07,271.36#T-mag#1705.00#Mm-Raw#-13.17,17.67,93.50#T-gyr#1703.00#Gm-Raw#23.00,44.00,-4.00#DCM:#-0.63,0.78,0.01,-0.78,-0.63,0.01,0.02,-0.01,1.00,

#T-YPR#1748.00#YPR=#-128.77,-0.92,-0.33#T-acc#1740.00#Am-Raw#8.19,-3.07,273.41#T-mag#1742.00#Mm-Raw#-13.33,17.67,93.83#T-gyr#1740.00#Gm-Raw#23.00,43.00,-4.00#DCM:#-0.63,0.78,0.01,-0.78,-0.63,0.01,0.02,-0.01,1.00,

#T-YPR#1785.00#YPR=#-128.80,-0.95,-0.33#T-acc#1777.00#Am-Raw#7.17,-3.07,272.38#T-mag#1779.00#Mm-Raw#-13.67,17.83,93.33#T-gyr#1777.00#Gm-Raw#22.00,43.00,-2.00#DCM:#-0.63,0.78,0.01,-0.78,-0.63,0.01,0.02,-0.01,1.00,

#T-YPR#1822.00#YPR=#-128.84,-0.95,-0.33#T-acc#1814.00#Am-Raw#7.17,-3.07,272.38#T-mag#1816.00#Mm-Raw#-12.33,17.33,93.83#T-gyr#1814.00#Gm-Raw#22.00,42.00,-3.00#DCM:#-0.63,0.78,0.01,-0.78,-0.63,0.01,0.02,-0.01,1.00,

#T-YPR#1859.00#YPR=#-128.80,-0.94,-0.33#T-acc#1851.00#Am-Raw#8.19,-3.07,270.34#T-mag#1853.00#Mm-Raw#-13.00,17.83,93.67#T-gyr#1851.00#Gm-Raw#22.00,43.00,-3.00#DCM:#-0.63,0.78,0.01,-0.78,-0.63,0.01,0.02,-0.01,1.00,

#T-YPR#1896.00#YPR=#-128.79,-0.97,-0.33#T-acc#1888.00#Am-Raw#6.14,-3.07,273.41#T-mag#1890.00#Mm-Raw#-13.00,17.50,93.50#T-gyr#1888.00#Gm-Raw#23.00,44.00,-3.00#DCM:#-0.63,0.78,0.02,-0.78,-0.63,0.01,0.02,-0.01,1.00,

#T-YPR#1933.00#YPR=#-128.80,-0.92,-0.33#T-acc#1925.00#Am-Raw#7.17,-4.10,272.38#T-mag#1927.00#Mm-Raw#-12.83,17.83,93.67#T-gyr#1923.00#Gm-Raw#23.00,44.00,-3.00#DCM:#-0.63,0.78,0.01,-0.78,-0.63,0.01,0.02,-0.01,1.00,

#T-YPR#1970.00#YPR=#-128.78,-0.92,-0.36#T-acc#1961.00#Am-Raw#8.19,-3.07,271.36#T-mag#1964.00#Mm-Raw#-13.33,18.17,93.33#T-gyr#1959.00#Gm-Raw#23.00,44.00,-4.00#DCM:#-0.63,0.78,0.01,-0.78,-0.63,0.01,0.02,-0.01,1.00,

#T-YPR#2004.00#YPR=#-128.77,-0.95,-0.36#T-acc#1998.00#Am-Raw#8.19,-2.05,271.36#T-mag#2000.00#Mm-Raw#-13.17,17.83,93.50#T-gyr#1996.00#Gm-Raw#22.00,44.00,-3.00#DCM:#-0.63,0.78,0.02,-0.78,-0.63,0.01,0.02,-0.01,1.00,

#T-YPR#2041.00#YPR=#-128.77,-0.98,-0.32#T-acc#2035.00#Am-Raw#7.17,-3.07,272.38#T-mag#2037.00#Mm-Raw#-13.33,18.50,94.17#T-gyr#2033.00#Gm-Raw#23.00,43.00,-4.00#DCM:#-0.63,0.78,0.02,-0.78,-0.63,0.01,0.02,-0.01,1.00,

#T-YPR#2078.00#YPR=#-128.74,-0.97,-0.32#T-acc#2072.00#Am-Raw#7.17,-3.07,270.34#T-mag#2072.00#Mm-Raw#-12.67,17.67,93.67#T-gyr#2070.00#Gm-Raw#23.00,44.00,-4.00#DCM:#-0.63,0.78,0.01,-0.78,-0.63,0.01,0.02,-0.01,1.00,

#T-YPR#2115.00#YPR=#-128.72,-0.96,-0.32#T-acc#2109.00#Am-Raw#7.17,-2.05,272.38#T-mag#2109.00#Mm-Raw#-13.00,17.33,94.17#T-gyr#2107.00#Gm-Raw#23.00,43.00,-2.00#DCM:#-0.63,0.78,0.01,-0.78,-0.63,0.01,0.02,-0.01,1.00,

#T-YPR#2152.00#YPR=#-128.76,-0.95,-0.29#T-acc#2146.00#Am-Raw#7.17,-3.07,272.38#T-mag#2146.00#Mm-Raw#-12.83,17.50,93.67#T-gyr#2144.00#Gm-Raw#22.00,43.00,-4.00#DCM:#-0.63,0.78,0.01,-0.78,-0.63,0.01,0.02,-0.00,1.00,

#T-YPR#2189.00#YPR=#-128.76,-0.95,-0.29#T-acc#2183.00#Am-Raw#7.17,-3.07,272.38#T-mag#2183.00#Mm-Raw#-12.67,17.50,93.50#T-gyr#2181.00#Gm-Raw#22.00,42.00,-3.00#DCM:#-0.63,0.78,0.01,-0.78,-0.63,0.01,0.02,-0.01,1.00,

#T-YPR#2226.00#YPR=#-128.75,-0.94,-0.30#T-acc#2220.00#Am-Raw#7.17,-3.07,272.38#T-mag#2220.00#Mm-Raw#-13.00,17.83,94.00#T-gyr#2217.00#Gm-Raw#22.00,43.00,-4.00#DCM:#-0.63,0.78,0.01,-0.78,-0.63,0.01,0.02,-0.01,1.00,

#T-YPR#2263.00#YPR=#-128.74,-0.94,-0.31#T-acc#2254.00#Am-Raw#7.17,-3.07,270.34#T-mag#2256.00#Mm-Raw#-13.00,17.50,93.33#T-gyr#2254.00#Gm-Raw#22.00,43.00,-3.00#DCM:#-0.63,0.78,0.01,-0.78,-0.63,0.01,0.02,-0.01,1.00,

#T-YPR#2299.00#YPR=#-128.76,-0.93,-0.32#T-acc#2291.00#Am-Raw#6.14,-4.10,270.34#T-mag#2293.00#Mm-Raw#-12.83,17.83,93.83#T-gyr#2291.00#Gm-Raw#22.00,43.00,-3.00#DCM:#-0.63,0.78,0.01,-0.78,-0.63,0.01,0.02,-0.01,1.00,

#T-YPR#2336.00#YPR=#-128.74,-0.89,-0.36#T-acc#2328.00#Am-Raw#5.12,-2.05,270.34#T-mag#2330.00#Mm-Raw#-12.83,17.67,93.50#T-gyr#2328.00#Gm-Raw#22.00,44.00,-3.00#DCM:#-0.63,0.78,0.01,-0.78,-0.63,0.01,0.02,-0.01,1.00,

#T-YPR#2373.00#YPR=#-128.73,-0.82,-0.32#T-acc#2365.00#Am-Raw#7.17,-3.07,270.34#T-mag#2367.00#Mm-Raw#-13.00,18.17,94.00#T-gyr#2365.00#Gm-Raw#23.00,44.00,-4.00#DCM:#-0.63,0.78,0.01,-0.78,-0.63,0.01,0.01,-0.01,1.00,

#T-YPR#2410.00#YPR=#-128.69,-0.84,-0.32#T-acc#2402.00#Am-Raw#7.17,-4.10,270.34#T-mag#2404.00#Mm-Raw#-13.17,17.67,93.33#T-gyr#2402.00#Gm-Raw#22.00,43.00,-4.00#DCM:#-0.63,0.78,0.01,-0.78,-0.63,0.01,0.01,-0.01,1.00,

#T-YPR#2447.00#YPR=#-128.69,-0.86,-0.36#T-acc#2439.00#Am-Raw#8.19,-3.07,273.41#T-mag#2441.00#Mm-Raw#-12.67,17.50,93.33#T-gyr#2439.00#Gm-Raw#23.00,42.00,-3.00#DCM:#-0.63,0.78,0.01,-0.78,-0.63,0.01,0.01,-0.01,1.00,

#T-YPR#2484.00#YPR=#-128.66,-0.90,-0.36#T-acc#2476.00#Am-Raw#6.14,-3.07,270.34#T-mag#2478.00#Mm-Raw#-13.00,18.00,93.83#T-gyr#2473.00#Gm-Raw#23.00,43.00,-3.00#DCM:#-0.62,0.78,0.01,-0.78,-0.62,0.01,0.02,-0.01,1.00,

#T-YPR#2519.00#YPR=#-128.63,-0.87,-0.36#T-acc#2512.00#Am-Raw#6.14,-3.07,271.36#T-mag#2514.00#Mm-Raw#-12.83,18.17,93.83#T-gyr#2510.00#Gm-Raw#21.00,43.00,-4.00#DCM:#-0.62,0.78,0.01,-0.78,-0.62,0.01,0.02,-0.01,1.00,

#T-YPR#2555.00#YPR=#-128.59,-0.84,-0.35#T-acc#2549.00#Am-Raw#8.19,-3.07,270.34#T-mag#2551.00#Mm-Raw#-13.33,17.17,93.67#T-gyr#2547.00#Gm-Raw#23.00,43.00,-4.00#DCM:#-0.62,0.78,0.01,-0.78,-0.62,0.01,0.01,-0.01,1.00,

#T-YPR#2592.00#YPR=#-128.64,-0.90,-0.35#T-acc#2586.00#Am-Raw#8.19,-3.07,271.36#T-mag#2586.00#Mm-Raw#-13.00,17.67,93.83#T-gyr#2584.00#Gm-Raw#22.00,43.00,-3.00#DCM:#-0.62,0.78,0.01,-0.78,-0.62,0.01,0.02,-0.01,1.00,

#T-YPR#2629.00#YPR=#-128.64,-0.94,-0.35#T-acc#2623.00#Am-Raw#6.14,-2.05,273.41#T-mag#2623.00#Mm-Raw#-13.00,17.83,93.67#T-gyr#2621.00#Gm-Raw#23.00,43.00,-4.00#DCM:#-0.62,0.78,0.02,-0.78,-0.62,0.01,0.02,-0.01,1.00,

#T-YPR#2666.00#YPR=#-128.62,-0.90,-0.31#T-acc#2660.00#Am-Raw#7.17,-3.07,271.36#T-mag#2660.00#Mm-Raw#-13.17,17.67,93.83#T-gyr#2658.00#Gm-Raw#22.00,43.00,-3.00#DCM:#-0.62,0.78,0.01,-0.78,-0.62,0.01,0.02,-0.01,1.00,

#T-YPR#2703.00#YPR=#-128.64,-0.90,-0.32#T-acc#2697.00#Am-Raw#8.19,-5.12,271.36#T-mag#2697.00#Mm-Raw#-13.17,18.00,93.83#T-gyr#2695.00#Gm-Raw#23.00,43.00,-3.00#DCM:#-0.62,0.78,0.01,-0.78,-0.62,0.01,0.02,-0.01,1.00,

#T-YPR#2740.00#YPR=#-128.63,-0.95,-0.39#T-acc#2734.00#Am-Raw#7.17,-4.10,272.38#T-mag#2734.00#Mm-Raw#-13.17,17.17,94.00#T-gyr#2732.00#Gm-Raw#23.00,43.00,-2.00#DCM:#-0.62,0.78,0.02,-0.78,-0.62,0.01,0.02,-0.01,1.00,

#T-YPR#2777.00#YPR=#-128.69,-0.94,-0.42#T-acc#2770.00#Am-Raw#7.17,-2.05,271.36#T-mag#2770.00#Mm-Raw#-13.17,17.83,93.67#T-gyr#2768.00#Gm-Raw#22.00,44.00,-4.00#DCM:#-0.62,0.78,0.02,-0.78,-0.63,0.01,0.02,-0.01,1.00,

#T-YPR#2813.00#YPR=#-128.69,-0.93,-0.37#T-acc#2805.00#Am-Raw#7.17,-3.07,270.34#T-mag#2807.00#Mm-Raw#-12.67,17.50,94.00#T-gyr#2805.00#Gm-Raw#23.00,44.00,-4.00#DCM:#-0.63,0.78,0.02,-0.78,-0.63,0.01,0.02,-0.01,1.00,

#T-YPR#2850.00#YPR=#-128.66,-0.93,-0.36#T-acc#2842.00#Am-Raw#7.17,-3.07,271.36#T-mag#2844.00#Mm-Raw#-12.83,17.33,93.67#T-gyr#2842.00#Gm-Raw#23.00,43.00,-3.00#DCM:#-0.62,0.78,0.02,-0.78,-0.62,0.01,0.02,-0.01,1.00,

#T-YPR#2887.00#YPR=#-128.67,-0.94,-0.36#T-acc#2879.00#Am-Raw#7.17,-3.07,271.36#T-mag#2881.00#Mm-Raw#-13.00,17.83,93.67#T-gyr#2879.00#Gm-Raw#23.00,42.00,-3.00#DCM:#-0.62,0.78,0.02,-0.78,-0.62,0.01,0.02,-0.01,1.00,

#T-YPR#2924.00#YPR=#-128.66,-0.94,-0.35#T-acc#2916.00#Am-Raw#7.17,-2.05,272.38#T-mag#2918.00#Mm-Raw#-13.33,17.83,93.67#T-gyr#2916.00#Gm-Raw#23.00,43.00,-4.00#DCM:#-0.62,0.78,0.02,-0.78,-0.62,0.01,0.02,-0.01,1.00,

#T-YPR#2961.00#YPR=#-128.68,-0.93,-0.31#T-acc#2953.00#Am-Raw#7.17,-3.07,273.41#T-mag#2955.00#Mm-Raw#-12.83,17.67,93.33#T-gyr#2953.00#Gm-Raw#23.00,43.00,-3.00#DCM:#-0.62,0.78,0.01,-0.78,-0.63,0.01,0.02,-0.01,1.00,

#T-YPR#2998.00#YPR=#-128.67,-0.93,-0.32#T-acc#2990.00#Am-Raw#7.17,-4.10,272.38#T-mag#2992.00#Mm-Raw#-13.17,17.17,93.50#T-gyr#2988.00#Gm-Raw#22.00,42.00,-4.00#DCM:#-0.62,0.78,0.01,-0.78,-0.62,0.01,0.02,-0.01,1.00,

#T-YPR#3033.00#YPR=#-128.73,-0.93,-0.36#T-acc#3026.00#Am-Raw#7.17,-5.12,272.38#T-mag#3028.00#Mm-Raw#-13.17,17.50,93.50#T-gyr#3024.00#Gm-Raw#22.00,43.00,-4.00#DCM:#-0.63,0.78,0.02,-0.78,-0.63,0.01,0.02,-0.01,1.00,

#T-YPR#3069.00#YPR=#-128.75,-0.93,-0.43#T-acc#3063.00#Am-Raw#6.14,-3.07,268.29#T-mag#3065.00#Mm-Raw#-13.17,17.50,93.50#T-gyr#3061.00#Gm-Raw#22.00,42.00,-4.00#DCM:#-0.63,0.78,0.02,-0.78,-0.63,0.01,0.02,-0.01,1.00,

#T-YPR#3106.00#YPR=#-128.78,-0.90,-0.42#T-acc#3100.00#Am-Raw#6.14,-2.05,271.36#T-mag#3102.00#Mm-Raw#-13.17,17.67,93.50#T-gyr#3098.00#Gm-Raw#23.00,43.00,-3.00#DCM:#-0.63,0.78,0.02,-0.78,-0.63,0.01,0.02,-0.01,1.00,

#T-YPR#3143.00#YPR=#-128.78,-0.87,-0.37#T-acc#3137.00#Am-Raw#7.17,-2.05,272.38#T-mag#3137.00#Mm-Raw#-13.00,17.67,93.33#T-gyr#3135.00#Gm-Raw#22.00,43.00,-3.00#DCM:#-0.63,0.78,0.01,-0.78,-0.63,0.01,0.02,-0.01,1.00,

#T-YPR#3180.00#YPR=#-128.76,-0.88,-0.33#T-acc#3174.00#Am-Raw#7.17,-3.07,272.38#T-mag#3174.00#Mm-Raw#-13.17,17.67,93.33#T-gyr#3172.00#Gm-Raw#22.00,43.00,-3.00#DCM:#-0.63,0.78,0.01,-0.78,-0.63,0.01,0.02,-0.01,1.00,

#T-YPR#3217.00#YPR=#-128.76,-0.88,-0.33#T-acc#3211.00#Am-Raw#7.17,-3.07,271.36#T-mag#3211.00#Mm-Raw#-13.33,17.50,93.17#T-gyr#3209.00#Gm-Raw#23.00,44.00,-2.00#DCM:#-0.63,0.78,0.01,-0.78,-0.63,0.01,0.02,-0.01,1.00,

#T-YPR#3254.00#YPR=#-128.79,-0.89,-0.33#T-acc#3248.00#Am-Raw#7.17,-4.10,272.38#T-mag#3248.00#Mm-Raw#-13.17,17.67,93.83#T-gyr#3246.00#Gm-Raw#23.00,43.00,-4.00#DCM:#-0.63,0.78,0.01,-0.78,-0.63,0.01,0.02,-0.01,1.00,

#T-YPR#3291.00#YPR=#-128.80,-0.90,-0.37#T-acc#3284.00#Am-Raw#8.19,-4.10,271.36#T-mag#3284.00#Mm-Raw#-13.33,17.67,93.83#T-gyr#3282.00#Gm-Raw#22.00,42.00,-4.00#DCM:#-0.63,0.78,0.01,-0.78,-0.63,0.01,0.02,-0.01,1.00,

#T-YPR#3328.00#YPR=#-128.82,-0.95,-0.41#T-acc#3319.00#Am-Raw#8.19,-3.07,273.41#T-mag#3321.00#Mm-Raw#-12.67,18.00,93.83#T-gyr#3319.00#Gm-Raw#22.00,43.00,-3.00#DCM:#-0.63,0.78,0.02,-0.78,-0.63,0.01,0.02,-0.01,1.00,

#T-YPR#3364.00#YPR=#-128.76,-0.98,-0.40#T-acc#3356.00#Am-Raw#8.19,-4.10,272.38#T-mag#3358.00#Mm-Raw#-13.17,18.17,94.00#T-gyr#3356.00#Gm-Raw#22.00,44.00,-3.00#DCM:#-0.63,0.78,0.02,-0.78,-0.63,0.01,0.02,-0.01,1.00,

#T-YPR#3401.00#YPR=#-128.73,-1.01,-0.42#T-acc#3393.00#Am-Raw#8.19,-1.02,272.38#T-mag#3395.00#Mm-Raw#-13.00,18.00,94.00#T-gyr#3393.00#Gm-Raw#23.00,43.00,-3.00#DCM:#-0.63,0.78,0.02,-0.78,-0.63,0.01,0.02,-0.01,1.00,

#T-YPR#3438.00#YPR=#-128.71,-1.03,-0.33#T-acc#3430.00#Am-Raw#4.10,-3.07,270.34#T-mag#3432.00#Mm-Raw#-13.17,18.00,93.83#T-gyr#3430.00#Gm-Raw#22.00,44.00,-3.00#DCM:#-0.63,0.78,0.02,-0.78,-0.63,0.01,0.02,-0.01,1.00,

#T-YPR#3475.00#YPR=#-128.70,-0.90,-0.34#T-acc#3467.00#Am-Raw#7.17,-3.07,271.36#T-mag#3469.00#Mm-Raw#-13.17,17.17,93.50#T-gyr#3467.00#Gm-Raw#22.00,43.00,-3.00#DCM:#-0.63,0.78,0.01,-0.78,-0.63,0.01,0.02,-0.01,1.00,

#T-YPR#3512.00#YPR=#-128.77,-0.90,-0.34#T-acc#3504.00#Am-Raw#8.19,-3.07,272.38#T-mag#3506.00#Mm-Raw#-13.33,17.83,93.50#T-gyr#3502.00#Gm-Raw#23.00,44.00,-4.00#DCM:#-0.63,0.78,0.01,-0.78,-0.63,0.01,0.02,-0.01,1.00,

#T-YPR#3547.00#YPR=#-128.78,-0.94,-0.34#T-acc#3540.00#Am-Raw#7.17,-3.07,272.38#T-mag#3543.00#Mm-Raw#-13.00,17.83,93.50#T-gyr#3538.00#Gm-Raw#23.00,44.00,-3.00#DCM:#-0.63,0.78,0.01,-0.78,-0.63,0.01,0.02,-0.01,1.00,

#T-YPR#3584.00#YPR=#-128.76,-0.94,-0.34#T-acc#3577.00#Am-Raw#6.14,-3.07,270.34#T-mag#3579.00#Mm-Raw#-13.17,17.67,94.00#T-gyr#3575.00#Gm-Raw#23.00,43.00,-3.00#DCM:#-0.63,0.78,0.01,-0.78,-0.63,0.01,0.02,-0.01,1.00,

#T-YPR#3620.00#YPR=#-128.77,-0.90,-0.34#T-acc#3614.00#Am-Raw#7.17,-6.14,273.41#T-mag#3616.00#Mm-Raw#-12.83,17.67,93.50#T-gyr#3612.00#Gm-Raw#22.00,43.00,-3.00#DCM:#-0.63,0.78,0.01,-0.78,-0.63,0.01,0.02,-0.01,1.00,

#T-YPR#3657.00#YPR=#-128.76,-0.91,-0.45#T-acc#3651.00#Am-Raw#7.17,-3.07,272.38#T-mag#3651.00#Mm-Raw#-13.00,18.00,93.50#T-gyr#3649.00#Gm-Raw#23.00,43.00,-4.00#DCM:#-0.63,0.78,0.02,-0.78,-0.63,0.01,0.02,-0.01,1.00,

#T-YPR#3694.00#YPR=#-128.73,-0.91,-0.44#T-acc#3688.00#Am-Raw#7.17,-4.10,270.34#T-mag#3688.00#Mm-Raw#-13.17,17.50,93.83#T-gyr#3686.00#Gm-Raw#22.00,43.00,-4.00#DCM:#-0.63,0.78,0.02,-0.78,-0.63,0.01,0.02,-0.01,1.00,

#T-YPR#3731.00#YPR=#-128.75,-0.92,-0.46#T-acc#3725.00#Am-Raw#7.17,-5.12,270.34#T-mag#3725.00#Mm-Raw#-13.00,18.00,93.33#T-gyr#3723.00#Gm-Raw#23.00,43.00,-4.00#DCM:#-0.63,0.78,0.02,-0.78,-0.63,0.01,0.02,-0.01,1.00,

#T-YPR#3768.00#YPR=#-128.71,-0.92,-0.52#T-acc#3762.00#Am-Raw#6.14,-4.10,271.36#T-mag#3762.00#Mm-Raw#-12.67,17.67,93.67#T-gyr#3760.00#Gm-Raw#23.00,43.00,-3.00#DCM:#-0.63,0.78,0.02,-0.78,-0.63,0.01,0.02,-0.01,1.00,

#T-YPR#3805.00#YPR=#-128.67,-0.89,-0.53#T-acc#3799.00#Am-Raw#8.19,-4.10,271.36#T-mag#3799.00#Mm-Raw#-12.67,17.50,93.33#T-gyr#3796.00#Gm-Raw#22.00,43.00,-3.00#DCM:#-0.62,0.78,0.02,-0.78,-0.62,0.01,0.02,-0.01,1.00,

#T-YPR#3842.00#YPR=#-128.63,-0.94,-0.53#T-acc#3833.00#Am-Raw#6.14,-5.12,271.36#T-mag#3835.00#Mm-Raw#-12.67,17.50,93.67#T-gyr#3833.00#Gm-Raw#23.00,43.00,-3.00#DCM:#-0.62,0.78,0.02,-0.78,-0.62,0.01,0.02,-0.01,1.00,

#T-YPR#3878.00#YPR=#-128.59,-0.90,-0.58#T-acc#3870.00#Am-Raw#6.14,-3.07,271.36#T-mag#3872.00#Mm-Raw#-12.67,17.67,94.33#T-gyr#3870.00#Gm-Raw#23.00,43.00,-4.00#DCM:#-0.62,0.78,0.02,-0.78,-0.62,0.01,0.02,-0.01,1.00,

#T-YPR#3915.00#YPR=#-128.55,-0.87,-0.54#T-acc#3907.00#Am-Raw#7.17,-4.10,272.38#T-mag#3909.00#Mm-Raw#-13.67,17.67,93.50#T-gyr#3907.00#Gm-Raw#22.00,42.00,-3.00#DCM:#-0.62,0.78,0.02,-0.78,-0.62,0.01,0.02,-0.01,1.00,

#T-YPR#3952.00#YPR=#-128.58,-0.88,-0.54#T-acc#3944.00#Am-Raw#7.17,-4.10,270.34#T-mag#3946.00#Mm-Raw#-13.33,17.33,93.83#T-gyr#3944.00#Gm-Raw#23.00,44.00,-3.00#DCM:#-0.62,0.78,0.02,-0.78,-0.62,0.01,0.02,-0.01,1.00,

#T-YPR#3989.00#YPR=#-128.61,-0.89,-0.54#T-acc#3981.00#Am-Raw#5.12,-4.10,272.38#T-mag#3983.00#Mm-Raw#-12.50,17.17,93.50#T-gyr#3981.00#Gm-Raw#23.00,44.00,-3.00#DCM:#-0.62,0.78,0.02,-0.78,-0.62,0.01,0.02,-0.01,1.00,

#T-YPR#4026.00#YPR=#-128.58,-0.82,-0.55#T-acc#4018.00#Am-Raw#6.14,-3.07,272.38#T-mag#4020.00#Mm-Raw#-13.17,18.17,94.17#T-gyr#4016.00#Gm-Raw#21.00,44.00,-4.00#DCM:#-0.62,0.78,0.02,-0.78,-0.62,0.01,0.01,-0.01,1.00,

#T-YPR#4061.00#YPR=#-128.54,-0.81,-0.52#T-acc#4055.00#Am-Raw#7.17,-3.07,272.38#T-mag#4057.00#Mm-Raw#-13.33,18.00,93.33#T-gyr#4052.00#Gm-Raw#23.00,43.00,-3.00#DCM:#-0.62,0.78,0.02,-0.78,-0.62,0.01,0.01,-0.01,1.00,

#T-YPR#4098.00#YPR=#-128.52,-0.83,-0.49#T-acc#4091.00#Am-Raw#8.19,-4.10,271.36#T-mag#4093.00#Mm-Raw#-12.67,17.67,93.50#T-gyr#4089.00#Gm-Raw#23.00,44.00,-4.00#DCM:#-0.62,0.78,0.02,-0.78,-0.62,0.01,0.01,-0.01,1.00,

#T-YPR#4134.00#YPR=#-128.47,-0.89,-0.50#T-acc#4128.00#Am-Raw#8.19,-3.07,271.36#T-mag#4130.00#Mm-Raw#-12.67,17.17,93.83#T-gyr#4126.00#Gm-Raw#23.00,43.00,-4.00#DCM:#-0.62,0.78,0.02,-0.78,-0.62,0.01,0.02,-0.01,1.00,

#T-YPR#4171.00#YPR=#-128.45,-0.94,-0.47#T-acc#4165.00#Am-Raw#7.17,-3.07,272.38#T-mag#4165.00#Mm-Raw#-12.83,17.67,94.00#T-gyr#4163.00#Gm-Raw#23.00,43.00,-3.00#DCM:#-0.62,0.78,0.02,-0.78,-0.62,0.01,0.02,-0.01,1.00,

#T-YPR#4208.00#YPR=#-128.43,-0.94,-0.45#T-acc#4202.00#Am-Raw#8.19,-3.07,269.31#T-mag#4202.00#Mm-Raw#-13.67,17.67,94.00#T-gyr#4200.00#Gm-Raw#23.00,42.00,-3.00#DCM:#-0.62,0.78,0.02,-0.78,-0.62,0.01,0.02,-0.01,1.00,

#T-YPR#4245.00#YPR=#-128.48,-0.98,-0.43#T-acc#4239.00#Am-Raw#7.17,-5.12,271.36#T-mag#4239.00#Mm-Raw#-13.17,17.50,93.67#T-gyr#4237.00#Gm-Raw#23.00,44.00,-3.00#DCM:#-0.62,0.78,0.02,-0.78,-0.62,0.01,0.02,-0.01,1.00,

#T-YPR#4282.00#YPR=#-128.51,-0.97,-0.49#T-acc#4276.00#Am-Raw#8.19,-4.10,273.41#T-mag#4276.00#Mm-Raw#-12.67,17.33,93.67#T-gyr#4274.00#Gm-Raw#23.00,44.00,-3.00#DCM:#-0.62,0.78,0.02,-0.78,-0.62,0.01,0.02,-0.01,1.00,

#T-YPR#4319.00#YPR=#-128.51,-1.00,-0.50#T-acc#4313.00#Am-Raw#8.19,-4.10,270.34#T-mag#4313.00#Mm-Raw#-13.00,17.50,93.83#T-gyr#4311.00#Gm-Raw#23.00,43.00,-3.00#DCM:#-0.62,0.78,0.02,-0.78,-0.62,0.01,0.02,-0.01,1.00,

#T-YPR#4356.00#YPR=#-128.52,-1.03,-0.52#T-acc#4347.00#Am-Raw#7.17,-5.12,271.36#T-mag#4349.00#Mm-Raw#-12.67,17.67,93.50#T-gyr#4347.00#Gm-Raw#22.00,43.00,-3.00#DCM:#-0.62,0.78,0.02,-0.78,-0.62,0.01,0.02,-0.01,1.00,

#T-YPR#4392.00#YPR=#-128.49,-1.02,-0.57#T-acc#4384.00#Am-Raw#6.14,-2.05,270.34#T-mag#4386.00#Mm-Raw#-12.83,17.67,93.67#T-gyr#4384.00#Gm-Raw#22.00,44.00,-3.00#DCM:#-0.62,0.78,0.02,-0.78,-0.62,0.01,0.02,-0.01,1.00,

#T-YPR#4429.00#YPR=#-128.48,-0.97,-0.49#T-acc#4421.00#Am-Raw#7.17,-5.12,271.36#T-mag#4423.00#Mm-Raw#-13.33,17.67,93.67#T-gyr#4421.00#Gm-Raw#23.00,42.00,-4.00#DCM:#-0.62,0.78,0.02,-0.78,-0.62,0.01,0.02,-0.01,1.00,

#T-YPR#4466.00#YPR=#-128.51,-0.97,-0.54#T-acc#4458.00#Am-Raw#6.14,-2.05,271.36#T-mag#4460.00#Mm-Raw#-13.33,18.00,93.50#T-gyr#4458.00#Gm-Raw#23.00,44.00,-3.00#DCM:#-0.62,0.78,0.02,-0.78,-0.62,0.01,0.02,-0.01,1.00,

#T-YPR#4503.00#YPR=#-128.51,-0.93,-0.47#T-acc#4495.00#Am-Raw#7.17,-5.12,271.36#T-mag#4497.00#Mm-Raw#-13.17,17.83,93.67#T-gyr#4495.00#Gm-Raw#23.00,43.00,-3.00#DCM:#-0.62,0.78,0.02,-0.78,-0.62,0.01,0.02,-0.01,1.00,

#T-YPR#4540.00#YPR=#-128.51,-0.93,-0.52#T-acc#4532.00#Am-Raw#7.17,-2.05,271.36#T-mag#4534.00#Mm-Raw#-12.83,17.67,93.00#T-gyr#4532.00#Gm-Raw#23.00,44.00,-3.00#DCM:#-0.62,0.78,0.02,-0.78,-0.62,0.01,0.02,-0.01,1.00,

#T-YPR#4577.00#YPR=#-128.49,-0.93,-0.46#T-acc#4569.00#Am-Raw#7.17,-3.07,270.34#T-mag#4571.00#Mm-Raw#-12.67,17.67,93.83#T-gyr#4567.00#Gm-Raw#23.00,44.00,-4.00#DCM:#-0.62,0.78,0.02,-0.78,-0.62,0.01,0.02,-0.01,1.00,

#T-YPR#4612.00#YPR=#-128.45,-0.94,-0.44#T-acc#4605.00#Am-Raw#8.19,-4.10,271.36#T-mag#4608.00#Mm-Raw#-12.67,18.00,93.83#T-gyr#4603.00#Gm-Raw#22.00,43.00,-4.00#DCM:#-0.62,0.78,0.02,-0.78,-0.62,0.01,0.02,-0.01,1.00,

#T-YPR#4648.00#YPR=#-128.40,-0.98,-0.46#T-acc#4642.00#Am-Raw#6.14,-3.07,269.31#T-mag#4644.00#Mm-Raw#-12.83,18.17,93.83#T-gyr#4640.00#Gm-Raw#23.00,43.00,-3.00#DCM:#-0.62,0.78,0.02,-0.78,-0.62,0.01,0.02,-0.01,1.00,

#T-YPR#4685.00#YPR=#-128.36,-0.94,-0.45#T-acc#4679.00#Am-Raw#6.14,-3.07,269.31#T-mag#4679.00#Mm-Raw#-13.00,17.67,93.83#T-gyr#4677.00#Gm-Raw#22.00,44.00,-2.00#DCM:#-0.62,0.78,0.02,-0.78,-0.62,0.01,0.02,-0.01,1.00,

#T-YPR#4722.00#YPR=#-128.37,-0.91,-0.43#T-acc#4716.00#Am-Raw#7.17,-4.10,271.36#T-mag#4716.00#Mm-Raw#-13.33,17.67,93.83#T-gyr#4714.00#Gm-Raw#23.00,43.00,-3.00#DCM:#-0.62,0.78,0.02,-0.78,-0.62,0.01,0.02,-0.01,1.00,

#T-YPR#4759.00#YPR=#-128.40,-0.91,-0.46#T-acc#4753.00#Am-Raw#6.14,-4.10,270.34#T-mag#4753.00#Mm-Raw#-12.67,17.33,93.50#T-gyr#4751.00#Gm-Raw#22.00,43.00,-3.00#DCM:#-0.62,0.78,0.02,-0.78,-0.62,0.01,0.02,-0.01,1.00,

#T-YPR#4796.00#YPR=#-128.39,-0.89,-0.48#T-acc#4790.00#Am-Raw#7.17,-4.10,270.34#T-mag#4790.00#Mm-Raw#-13.00,17.33,93.50#T-gyr#4788.00#Gm-Raw#23.00,43.00,-3.00#DCM:#-0.62,0.78,0.02,-0.78,-0.62,0.01,0.02,-0.01,1.00,

#T-YPR#4833.00#YPR=#-128.41,-0.90,-0.49#T-acc#4827.00#Am-Raw#6.14,-3.07,269.31#T-mag#4827.00#Mm-Raw#-13.00,17.50,93.33#T-gyr#4825.00#Gm-Raw#23.00,43.00,-3.00#DCM:#-0.62,0.78,0.02,-0.78,-0.62,0.01,0.02,-0.01,1.00,

#T-YPR#4870.00#YPR=#-128.41,-0.87,-0.47#T-acc#4864.00#Am-Raw#6.14,-4.10,271.36#T-mag#4864.00#Mm-Raw#-12.83,17.50,93.50#T-gyr#4861.00#Gm-Raw#23.00,44.00,-2.00#DCM:#-0.62,0.78,0.02,-0.78,-0.62,0.01,0.02,-0.01,1.00,

#T-YPR#4907.00#YPR=#-128.40,-0.85,-0.49#T-acc#4898.00#Am-Raw#7.17,-3.07,272.38#T-mag#4900.00#Mm-Raw#-13.00,17.83,94.00#T-gyr#4898.00#Gm-Raw#23.00,43.00,-4.00#DCM:#-0.62,0.78,0.02,-0.78,-0.62,0.01,0.01,-0.01,1.00,

#T-YPR#4943.00#YPR=#-128.39,-0.87,-0.46#T-acc#4935.00#Am-Raw#7.17,-4.10,271.36#T-mag#4937.00#Mm-Raw#-13.17,18.00,93.83#T-gyr#4935.00#Gm-Raw#23.00,44.00,-3.00#DCM:#-0.62,0.78,0.02,-0.78,-0.62,0.01,0.02,-0.01,1.00,

#T-YPR#4980.00#YPR=#-128.37,-0.88,-0.48#T-acc#4972.00#Am-Raw#8.19,-4.10,271.36#T-mag#4974.00#Mm-Raw#-13.50,17.67,93.50#T-gyr#4972.00#Gm-Raw#22.00,43.00,-3.00#DCM:#-0.62,0.78,0.02,-0.78,-0.62,0.01,0.02,-0.01,1.00,

#T-YPR#5017.00#YPR=#-128.40,-0.94,-0.50#T-acc#5009.00#Am-Raw#7.17,-2.05,270.34#T-mag#5011.00#Mm-Raw#-12.83,17.83,93.67#T-gyr#5009.00#Gm-Raw#22.00,42.00,-3.00#DCM:#-0.62,0.78,0.02,-0.78,-0.62,0.01,0.02,-0.01,1.00,

#T-YPR#5054.00#YPR=#-128.37,-0.95,-0.44#T-acc#5046.00#Am-Raw#7.17,-5.12,272.38#T-mag#5048.00#Mm-Raw#-13.17,17.67,93.67#T-gyr#5046.00#Gm-Raw#23.00,42.00,-3.00#DCM:#-0.62,0.78,0.02,-0.78,-0.62,0.01,0.02,-0.01,1.00,

#T-YPR#5091.00#YPR=#-128.38,-0.95,-0.50#T-acc#5083.00#Am-Raw#6.14,-3.07,269.31#T-mag#5085.00#Mm-Raw#-13.17,17.50,93.33#T-gyr#5081.00#Gm-Raw#22.00,43.00,-4.00#DCM:#-0.62,0.78,0.02,-0.78,-0.62,0.01,0.02,-0.01,1.00,

#T-YPR#5126.00#YPR=#-128.41,-0.92,-0.48#T-acc#5120.00#Am-Raw#6.14,-5.12,272.38#T-mag#5122.00#Mm-Raw#-13.00,17.33,93.50#T-gyr#5117.00#Gm-Raw#22.00,43.00,-3.00#DCM:#-0.62,0.78,0.02,-0.78,-0.62,0.01,0.02,-0.01,1.00,

#T-YPR#5163.00#YPR=#-128.43,-0.88,-0.53#T-acc#5156.00#Am-Raw#7.17,-3.07,273.41#T-mag#5158.00#Mm-Raw#-13.17,18.00,93.17#T-gyr#5154.00#Gm-Raw#22.00,44.00,-3.00#DCM:#-0.62,0.78,0.02,-0.78,-0.62,0.01,0.02,-0.01,1.00,

#T-YPR#5199.00#YPR=#-128.42,-0.89,-0.50#T-acc#5193.00#Am-Raw#8.19,-4.10,271.36#T-mag#5195.00#Mm-Raw#-13.17,17.83,93.17#T-gyr#5191.00#Gm-Raw#23.00,44.00,-3.00#DCM:#-0.62,0.78,0.02,-0.78,-0.62,0.01,0.02,-0.01,1.00,

#T-YPR#5236.00#YPR=#-128.41,-0.94,-0.52#T-acc#5230.00#Am-Raw#7.17,-2.05,271.36#T-mag#5230.00#Mm-Raw#-13.17,17.33,93.33#T-gyr#5228.00#Gm-Raw#22.00,43.00,-3.00#DCM:#-0.62,0.78,0.02,-0.78,-0.62,0.01,0.02,-0.01,1.00,

#T-YPR#5273.00#YPR=#-128.43,-0.95,-0.45#T-acc#5267.00#Am-Raw#9.22,-3.07,272.38#T-mag#5267.00#Mm-Raw#-12.83,18.00,93.83#T-gyr#5265.00#Gm-Raw#23.00,43.00,-3.00#DCM:#-0.62,0.78,0.02,-0.78,-0.62,0.01,0.02,-0.01,1.00,

#T-YPR#5310.00#YPR=#-128.40,-1.03,-0.44#T-acc#5304.00#Am-Raw#8.19,-4.10,270.34#T-mag#5304.00#Mm-Raw#-13.17,17.50,93.67#T-gyr#5302.00#Gm-Raw#22.00,43.00,-5.00#DCM:#-0.62,0.78,0.02,-0.78,-0.62,0.01,0.02,-0.01,1.00,

#T-YPR#5347.00#YPR=#-128.43,-1.05,-0.47#T-acc#5341.00#Am-Raw#8.19,-3.07,271.36#T-mag#5341.00#Mm-Raw#-13.67,17.33,93.83#T-gyr#5339.00#Gm-Raw#22.00,45.00,-4.00#DCM:#-0.62,0.78,0.02,-0.78,-0.62,0.01,0.02,-0.01,1.00,

#T-YPR#5384.00#YPR=#-128.52,-1.07,-0.45#T-acc#5378.00#Am-Raw#6.14,-4.10,269.31#T-mag#5378.00#Mm-Raw#-12.83,17.50,93.50#T-gyr#5376.00#Gm-Raw#23.00,44.00,-3.00#DCM:#-0.62,0.78,0.02,-0.78,-0.62,0.01,0.02,-0.01,1.00,

#T-YPR#5421.00#YPR=#-128.53,-1.01,-0.47#T-acc#5412.00#Am-Raw#7.17,-4.10,270.34#T-mag#5414.00#Mm-Raw#-12.83,17.17,93.50#T-gyr#5412.00#Gm-Raw#23.00,44.00,-4.00#DCM:#-0.62,0.78,0.02,-0.78,-0.62,0.01,0.02,-0.01,1.00,

#T-YPR#5457.00#YPR=#-128.57,-1.01,-0.49#T-acc#5449.00#Am-Raw#9.22,-2.05,271.36#T-mag#5451.00#Mm-Raw#-12.83,17.50,93.83#T-gyr#5449.00#Gm-Raw#23.00,42.00,-4.00#DCM:#-0.62,0.78,0.02,-0.78,-0.62,0.01,0.02,-0.01,1.00,

#T-YPR#5494.00#YPR=#-128.57,-1.08,-0.43#T-acc#5486.00#Am-Raw#7.17,-2.05,271.36#T-mag#5488.00#Mm-Raw#-13.17,18.17,93.83#T-gyr#5486.00#Gm-Raw#24.00,43.00,-3.00#DCM:#-0.62,0.78,0.02,-0.78,-0.62,0.01,0.02,-0.01,1.00,

#T-YPR#5531.00#YPR=#-128.55,-1.06,-0.37#T-acc#5523.00#Am-Raw#7.17,-4.10,270.34#T-mag#5525.00#Mm-Raw#-13.67,17.67,94.17#T-gyr#5523.00#Gm-Raw#23.00,44.00,-3.00#DCM:#-0.62,0.78,0.02,-0.78,-0.62,0.01,0.02,-0.01,1.00,

#T-YPR#5568.00#YPR=#-128.63,-1.04,-0.41#T-acc#5560.00#Am-Raw#6.14,-3.07,271.36#T-mag#5562.00#Mm-Raw#-13.17,17.67,93.33#T-gyr#5560.00#Gm-Raw#22.00,43.00,-3.00#DCM:#-0.62,0.78,0.02,-0.78,-0.62,0.01,0.02,-0.01,1.00,

#T-YPR#5605.00#YPR=#-128.66,-0.99,-0.41#T-acc#5597.00#Am-Raw#7.17,-2.05,269.31#T-mag#5599.00#Mm-Raw#-13.17,17.83,93.83#T-gyr#5595.00#Gm-Raw#22.00,43.00,-4.00#DCM:#-0.62,0.78,0.02,-0.78,-0.62,0.01,0.02,-0.01,1.00,

#T-YPR#5640.00#YPR=#-128.67,-0.99,-0.36#T-acc#5634.00#Am-Raw#6.14,-2.05,273.41#T-mag#5636.00#Mm-Raw#-13.00,17.83,93.67#T-gyr#5632.00#Gm-Raw#22.00,43.00,-3.00#DCM:#-0.62,0.78,0.02,-0.78,-0.62,0.01,0.02,-0.01,1.00,

#T-YPR#5677.00#YPR=#-128.67,-0.95,-0.32#T-acc#5670.00#Am-Raw#8.19,-3.07,271.36#T-mag#5672.00#Mm-Raw#-13.00,17.33,93.50#T-gyr#5668.00#Gm-Raw#23.00,43.00,-4.00#DCM:#-0.62,0.78,0.01,-0.78,-0.62,0.01,0.02,-0.01,1.00,

#T-YPR#5713.00#YPR=#-128.70,-0.99,-0.33#T-acc#5707.00#Am-Raw#7.17,-3.07,270.34#T-mag#5709.00#Mm-Raw#-13.00,18.00,94.00#T-gyr#5705.00#Gm-Raw#23.00,43.00,-3.00#DCM:#-0.63,0.78,0.02,-0.78,-0.63,0.01,0.02,-0.01,1.00,

#T-YPR#5750.00#YPR=#-128.68,-0.99,-0.34#T-acc#5744.00#Am-Raw#8.19,-3.07,271.36#T-mag#5744.00#Mm-Raw#-12.50,18.17,93.17#T-gyr#5742.00#Gm-Raw#23.00,43.00,-3.00#DCM:#-0.62,0.78,0.02,-0.78,-0.63,0.01,0.02,-0.01,1.00,

#T-YPR#5787.00#YPR=#-128.62,-1.02,-0.34#T-acc#5781.00#Am-Raw#8.19,-2.05,272.38#T-mag#5781.00#Mm-Raw#-13.17,17.83,93.50#T-gyr#5779.00#Gm-Raw#22.00,43.00,-3.00#DCM:#-0.62,0.78,0.02,-0.78,-0.62,0.01,0.02,-0.01,1.00,

#T-YPR#5824.00#YPR=#-128.64,-1.05,-0.31#T-acc#5818.00#Am-Raw#8.19,-3.07,271.36#T-mag#5818.00#Mm-Raw#-12.50,17.67,93.33#T-gyr#5816.00#Gm-Raw#23.00,44.00,-4.00#DCM:#-0.62,0.78,0.02,-0.78,-0.62,0.01,0.02,-0.01,1.00,

#T-YPR#5861.00#YPR=#-128.61,-1.07,-0.32#T-acc#5855.00#Am-Raw#7.17,-4.10,271.36#T-mag#5855.00#Mm-Raw#-13.17,17.67,93.50#T-gyr#5853.00#Gm-Raw#23.00,44.00,-4.00#DCM:#-0.62,0.78,0.02,-0.78,-0.62,0.01,0.02,-0.01,1.00,

#T-YPR#5898.00#YPR=#-128.65,-1.06,-0.36#T-acc#5892.00#Am-Raw#7.17,-5.12,272.38#T-mag#5892.00#Mm-Raw#-12.67,17.67,93.50#T-gyr#5890.00#Gm-Raw#22.00,43.00,-3.00#DCM:#-0.62,0.78,0.02,-0.78,-0.62,0.01,0.02,-0.01,1.00,

#T-YPR#5935.00#YPR=#-128.65,-1.04,-0.43#T-acc#5926.00#Am-Raw#6.14,-3.07,272.38#T-mag#5928.00#Mm-Raw#-12.67,18.33,93.83#T-gyr#5926.00#Gm-Raw#24.00,43.00,-3.00#DCM:#-0.62,0.78,0.02,-0.78,-0.62,0.01,0.02,-0.01,1.00,

#T-YPR#5971.00#YPR=#-128.59,-0.99,-0.42#T-acc#5963.00#Am-Raw#6.14,-3.07,270.34#T-mag#5965.00#Mm-Raw#-13.17,17.67,93.67#T-gyr#5963.00#Gm-Raw#22.00,44.00,-3.00#DCM:#-0.62,0.78,0.02,-0.78,-0.62,0.01,0.02,-0.01,1.00,

#T-YPR#6008.00#YPR=#-128.62,-0.95,-0.41#T-acc#6000.00#Am-Raw#7.17,-4.10,270.34#T-mag#6002.00#Mm-Raw#-12.83,18.00,93.83#T-gyr#6000.00#Gm-Raw#22.00,43.00,-4.00#DCM:#-0.62,0.78,0.02,-0.78,-0.62,0.01,0.02,-0.01,1.00,

#T-YPR#6045.00#YPR=#-128.59,-0.96,-0.45#T-acc#6037.00#Am-Raw#7.17,-3.07,271.36#T-mag#6039.00#Mm-Raw#-13.00,17.50,93.17#T-gyr#6037.00#Gm-Raw#21.00,43.00,-4.00#DCM:#-0.62,0.78,0.02,-0.78,-0.62,0.01,0.02,-0.01,1.00,

#T-YPR#6082.00#YPR=#-128.60,-0.96,-0.43#T-acc#6074.00#Am-Raw#6.14,-4.10,271.36#T-mag#6076.00#Mm-Raw#-13.00,17.83,93.83#T-gyr#6074.00#Gm-Raw#23.00,43.00,-3.00#DCM:#-0.62,0.78,0.02,-0.78,-0.62,0.01,0.02,-0.01,1.00,

#T-YPR#6119.00#YPR=#-128.58,-0.93,-0.46#T-acc#6111.00#Am-Raw#6.14,-3.07,270.34#T-mag#6113.00#Mm-Raw#-13.33,17.83,93.17#T-gyr#6109.00#Gm-Raw#23.00,43.00,-3.00#DCM:#-0.62,0.78,0.02,-0.78,-0.62,0.01,0.02,-0.01,1.00,

#T-YPR#6154.00#YPR=#-128.60,-0.89,-0.45#T-acc#6148.00#Am-Raw#7.17,-4.10,271.36#T-mag#6150.00#Mm-Raw#-13.17,17.17,93.50#T-gyr#6146.00#Gm-Raw#22.00,45.00,-3.00#DCM:#-0.62,0.78,0.02,-0.78,-0.62,0.01,0.02,-0.01,1.00,

#T-YPR#6191.00#YPR=#-128.64,-0.90,-0.47#T-acc#6184.00#Am-Raw#6.14,-3.07,272.38#T-mag#6187.00#Mm-Raw#-13.17,17.83,93.50#T-gyr#6182.00#Gm-Raw#21.00,45.00,-4.00#DCM:#-0.62,0.78,0.02,-0.78,-0.62,0.01,0.02,-0.01,1.00,

#T-YPR#6227.00#YPR=#-128.63,-0.87,-0.46#T-acc#6221.00#Am-Raw#5.12,-3.07,271.36#T-mag#6223.00#Mm-Raw#-12.83,17.17,93.33#T-gyr#6219.00#Gm-Raw#20.00,47.00,-3.00#DCM:#-0.62,0.78,0.02,-0.78,-0.62,0.01,0.02,-0.01,1.00,

#T-YPR#6264.00#YPR=#-128.64,-0.79,-0.46#T-acc#6258.00#Am-Raw#6.14,-2.05,270.34#T-mag#6258.00#Mm-Raw#-13.17,17.83,93.00#T-gyr#6256.00#Gm-Raw#17.00,50.00,-3.00#DCM:#-0.62,0.78,0.01,-0.78,-0.62,0.01,0.01,-0.01,1.00,

#T-YPR#6301.00#YPR=#-128.62,-0.78,-0.42#T-acc#6295.00#Am-Raw#6.14,-4.10,271.36#T-mag#6295.00#Mm-Raw#-13.17,17.83,93.50#T-gyr#6293.00#Gm-Raw#18.00,47.00,-3.00#DCM:#-0.62,0.78,0.01,-0.78,-0.62,0.01,0.01,-0.01,1.00,

#T-YPR#6338.00#YPR=#-128.59,-0.77,-0.46#T-acc#6332.00#Am-Raw#8.19,-3.07,270.34#T-mag#6332.00#Mm-Raw#-13.33,17.83,93.33#T-gyr#6330.00#Gm-Raw#20.00,44.00,-1.00#DCM:#-0.62,0.78,0.01,-0.78,-0.62,0.01,0.01,-0.01,1.00,

#T-YPR#6375.00#YPR=#-128.58,-0.84,-0.44#T-acc#6369.00#Am-Raw#9.22,-3.07,268.29#T-mag#6369.00#Mm-Raw#-13.17,17.67,93.33#T-gyr#6367.00#Gm-Raw#21.00,46.00,-2.00#DCM:#-0.62,0.78,0.02,-0.78,-0.62,0.01,0.01,-0.01,1.00,

#T-YPR#6412.00#YPR=#-128.57,-0.95,-0.43#T-acc#6406.00#Am-Raw#6.14,-4.10,272.38#T-mag#6406.00#Mm-Raw#-13.00,18.00,94.00#T-gyr#6404.00#Gm-Raw#24.00,44.00,-3.00#DCM:#-0.62,0.78,0.02,-0.78,-0.62,0.01,0.02,-0.01,1.00,

#T-YPR#6449.00#YPR=#-128.63,-0.92,-0.46#T-acc#6440.00#Am-Raw#7.17,0.00,271.36#T-mag#6443.00#Mm-Raw#-13.00,17.83,94.00#T-gyr#6440.00#Gm-Raw#20.00,43.00,-42.00#DCM:#-0.62,0.78,0.02,-0.78,-0.62,0.01,0.02,-0.01,1.00,

#T-YPR#6486.00#YPR=#-129.10,-0.92,-0.36#T-acc#6477.00#Am-Raw#0.00,-28.67,272.38#T-mag#6479.00#Mm-Raw#-13.50,17.00,94.00#T-gyr#6477.00#Gm-Raw#6.00,49.00,-191.00#DCM:#-0.63,0.78,0.02,-0.78,-0.63,0.01,0.02,-0.01,1.00,

#T-YPR#6522.00#YPR=#-131.90,-3.90,-1.67#T-acc#6516.00#Am-Raw#-66.56,73.73,262.14#T-mag#6516.00#Mm-Raw#-13.33,12.17,94.50#T-gyr#6514.00#Gm-Raw#-195.00,-1184.00,-1095.00#DCM:#-0.67,0.74,0.07,-0.74,-0.67,0.03,0.07,-0.03,1.00,

#T-YPR#6561.00#YPR=#-127.77,-1.25,-0.53#T-acc#6553.00#Am-Raw#8.19,-31.74,283.65#T-mag#6555.00#Mm-Raw#-9.33,10.50,95.50#T-gyr#6553.00#Gm-Raw#-620.00,-156.00,1711.00#DCM:#-0.61,0.79,0.02,-0.79,-0.61,0.01,0.02,-0.01,1.00,

#T-YPR#6598.00#YPR=#-124.34,-2.04,-5.46#T-acc#6592.00#Am-Raw#43.01,-58.37,232.45#T-mag#6592.00#Mm-Raw#-6.50,5.50,97.00#T-gyr#6590.00#Gm-Raw#-1497.00,-404.00,1516.00#DCM:#-0.56,0.82,0.10,-0.83,-0.56,-0.02,0.04,-0.10,0.99,

#T-YPR#6637.00#YPR=#-124.54,-3.13,-6.22#T-acc#6629.00#Am-Raw#36.86,-93.18,222.21#T-mag#6631.00#Mm-Raw#-7.33,4.83,96.33#T-gyr#6629.00#Gm-Raw#267.00,96.00,236.00#DCM:#-0.57,0.82,0.12,-0.82,-0.57,-0.02,0.05,-0.11,0.99,

#T-YPR#6674.00#YPR=#-130.74,-3.33,-2.36#T-acc#6666.00#Am-Raw#79.87,-474.11,269.31#T-mag#6668.00#Mm-Raw#-9.33,8.67,96.17#T-gyr#6666.00#Gm-Raw#2388.00,390.00,-2388.00#DCM:#-0.65,0.76,0.07,-0.76,-0.65,0.02,0.06,-0.04,1.00,

#T-YPR#6711.00#YPR=#-138.45,-3.19,-3.89#T-acc#6705.00#Am-Raw#-24.58,291.84,303.10#T-mag#6707.00#Mm-Raw#-12.50,-1.67,95.67#T-gyr#6703.00#Gm-Raw#-720.00,256.00,-2906.00#DCM:#-0.75,0.66,0.09,-0.66,-0.75,-0.01,0.06,-0.07,1.00,

#T-YPR#6750.00#YPR=#-141.30,-3.92,-5.05#T-acc#6744.00#Am-Raw#30.72,-38.91,256.00#T-mag#6744.00#Mm-Raw#-11.83,-6.17,96.50#T-gyr#6742.00#Gm-Raw#-508.00,-223.00,-598.00#DCM:#-0.78,0.62,0.11,-0.62,-0.78,-0.03,0.07,-0.09,0.99,

#T-YPR#6789.00#YPR=#-141.18,-4.30,-2.04#T-acc#6780.00#Am-Raw#94.21,-142.34,205.82#T-mag#6782.00#Mm-Raw#-9.33,-4.67,96.67#T-gyr#6780.00#Gm-Raw#1417.00,22.00,629.00#DCM:#-0.78,0.62,0.08,-0.63,-0.78,0.02,0.07,-0.04,1.00,

#T-YPR#6825.00#YPR=#-155.75,-3.00,-3.14#T-acc#6819.00#Am-Raw#175.10,-111.62,282.62#T-mag#6819.00#Mm-Raw#-10.50,-2.17,96.00#T-gyr#6817.00#Gm-Raw#1326.00,1981.00,-5440.00#DCM:#-0.91,0.41,0.07,-0.41,-0.91,-0.03,0.05,-0.05,0.99,

#T-YPR#6864.00#YPR=#-168.75,-11.23,-9.25#T-acc#6858.00#Am-Raw#-54.27,-118.78,329.73#T-mag#6858.00#Mm-Raw#-7.00,-13.50,96.83#T-gyr#6856.00#Gm-Raw#-2842.00,-1604.00,-4803.00#DCM:#-0.96,0.16,0.22,-0.19,-0.97,-0.12,0.19,-0.16,0.96,

#T-YPR#6903.00#YPR=#-171.46,-15.58,-14.22#T-acc#6897.00#Am-Raw#39.94,21.50,245.76#T-mag#6897.00#Mm-Raw#2.67,-22.50,97.33#T-gyr#6895.00#Gm-Raw#-1639.00,-1767.00,-643.00#DCM:#-0.95,0.08,0.29,-0.14,-0.97,-0.20,0.27,-0.24,0.93,

#T-YPR#6942.00#YPR=#-172.42,-18.41,-15.09#T-acc#6936.00#Am-Raw#116.74,-34.82,236.54#T-mag#6936.00#Mm-Raw#10.33,-30.67,96.50#T-gyr#6934.00#Gm-Raw#-1552.00,-1526.00,64.00#DCM:#-0.94,0.05,0.34,-0.13,-0.97,-0.22,0.32,-0.25,0.92,

#T-YPR#6981.00#YPR=#-176.94,-25.65,-16.39#T-acc#6975.00#Am-Raw#135.17,-30.72,187.39#T-mag#6975.00#Mm-Raw#20.00,-39.17,95.00#T-gyr#6973.00#Gm-Raw#-1485.00,-1766.00,-1523.00#DCM:#-0.90,-0.07,0.43,-0.05,-0.96,-0.26,0.43,-0.25,0.86,

#T-YPR#7020.00#YPR=#179.01,-32.88,-18.75#T-acc#7014.00#Am-Raw#156.67,-23.55,152.58#T-mag#7016.00#Mm-Raw#30.83,-46.50,91.00#T-gyr#7012.00#Gm-Raw#-1630.00,-1717.00,-1044.00#DCM:#-0.84,-0.19,0.51,0.01,-0.94,-0.33,0.54,-0.27,0.79,

#T-YPR#7059.00#YPR=#-179.44,-39.94,-25.64#T-acc#7053.00#Am-Raw#186.37,-48.13,95.23#T-mag#7055.00#Mm-Raw#39.50,-57.00,84.67#T-gyr#7051.00#Gm-Raw#-2180.00,-2244.00,337.00#DCM:#-0.77,-0.27,0.58,-0.01,-0.90,-0.43,0.64,-0.33,0.69,

#T-YPR#7098.00#YPR=#-175.81,-49.44,-35.93#T-acc#7092.00#Am-Raw#169.98,-97.28,98.30#T-mag#7094.00#Mm-Raw#47.50,-63.67,77.33#T-gyr#7090.00#Gm-Raw#-2555.00,-2965.00,-122.00#DCM:#-0.65,-0.39,0.66,-0.05,-0.84,-0.54,0.76,-0.38,0.53,

#T-YPR#7137.00#YPR=#-170.91,-55.82,-44.92#T-acc#7131.00#Am-Raw#258.05,-143.36,144.38#T-mag#7133.00#Mm-Raw#57.67,-71.17,67.67#T-gyr#7129.00#Gm-Raw#-1390.00,-2496.00,-488.00#DCM:#-0.55,-0.47,0.69,-0.09,-0.79,-0.60,0.83,-0.40,0.40,

#T-YPR#7178.00#YPR=#-173.21,-59.46,-44.84#T-acc#7170.00#Am-Raw#293.89,-157.70,140.29#T-mag#7172.00#Mm-Raw#63.50,-70.83,63.17#T-gyr#7170.00#Gm-Raw#-429.00,-881.00,-1236.00#DCM:#-0.50,-0.52,0.69,-0.06,-0.78,-0.63,0.86,-0.36,0.36,

#T-YPR#7217.00#YPR=#-173.57,-58.50,-42.00#T-acc#7211.00#Am-Raw#227.33,-46.08,60.42#T-mag#7211.00#Mm-Raw#62.83,-67.33,66.83#T-gyr#7208.00#Gm-Raw#1084.00,238.00,167.00#DCM:#-0.52,-0.48,0.70,-0.06,-0.80,-0.59,0.85,-0.35,0.39,

#T-YPR#7256.00#YPR=#-174.50,-52.47,-42.18#T-acc#7247.00#Am-Raw#261.12,-124.93,88.06#T-mag#7249.00#Mm-Raw#53.17,-70.33,67.50#T-gyr#7247.00#Gm-Raw#-325.00,2312.00,1941.00#DCM:#-0.61,-0.46,0.65,-0.06,-0.79,-0.61,0.79,-0.41,0.45,

#T-YPR#7294.00#YPR=#-173.30,-47.67,-44.70#T-acc#7286.00#Am-Raw#105.47,-52.22,177.15#T-mag#7288.00#Mm-Raw#45.83,-72.17,66.50#T-gyr#7286.00#Gm-Raw#-256.00,1562.00,1569.00#DCM:#-0.67,-0.43,0.60,-0.08,-0.77,-0.64,0.74,-0.47,0.48,

#T-YPR#7333.00#YPR=#-164.33,-37.05,-45.16#T-acc#7325.00#Am-Raw#25.60,-166.91,266.24#T-mag#7327.00#Mm-Raw#35.33,-72.50,68.83#T-gyr#7325.00#Gm-Raw#1390.00,-93.00,4883.00#DCM:#-0.77,-0.22,0.60,-0.22,-0.79,-0.57,0.60,-0.56,0.56,

#T-YPR#7372.00#YPR=#-154.19,-25.49,-45.00#T-acc#7364.00#Am-Raw#342.02,-330.75,1.02#T-mag#7366.00#Mm-Raw#16.00,-68.83,73.33#T-gyr#7364.00#Gm-Raw#1384.00,-840.00,4902.00#DCM:#-0.81,0.03,0.58,-0.39,-0.77,-0.50,0.43,-0.63,0.64,

#T-YPR#7409.00#YPR=#-159.32,-21.44,-41.99#T-acc#7403.00#Am-Raw#84.99,-266.24,191.49#T-mag#7405.00#Mm-Raw#5.83,-67.00,73.50#T-gyr#7401.00#Gm-Raw#547.00,2101.00,-34.00#DCM:#-0.87,0.03,0.49,-0.33,-0.78,-0.53,0.37,-0.62,0.69,

#T-YPR#7448.00#YPR=#-170.66,-20.77,-36.50#T-acc#7442.00#Am-Raw#26.62,-389.12,294.91#T-mag#7442.00#Mm-Raw#3.00,-66.50,73.83#T-gyr#7440.00#Gm-Raw#1014.00,2504.00,-3276.00#DCM:#-0.92,-0.08,0.38,-0.15,-0.83,-0.54,0.35,-0.56,0.75,

#T-YPR#7487.00#YPR=#172.19,-24.14,-27.25#T-acc#7481.00#Am-Raw#22.53,-126.98,273.41#T-mag#7481.00#Mm-Raw#16.00,-70.00,75.50#T-gyr#7479.00#Gm-Raw#861.00,1608.00,-5803.00#DCM:#-0.90,-0.31,0.30,0.12,-0.85,-0.50,0.41,-0.41,0.80,

#T-YPR#7526.00#YPR=#171.13,-25.18,-20.35#T-acc#7520.00#Am-Raw#46.08,-102.40,323.58#T-mag#7520.00#Mm-Raw#20.33,-66.50,79.17#T-gyr#7518.00#Gm-Raw#2403.00,-1210.00,-643.00#DCM:#-0.89,-0.29,0.34,0.14,-0.90,-0.41,0.43,-0.31,0.85,

#T-YPR#7565.00#YPR=#154.71,-25.99,-14.83#T-acc#7559.00#Am-Raw#87.04,-104.45,328.70#T-mag#7559.00#Mm-Raw#34.83,-68.00,80.00#T-gyr#7557.00#Gm-Raw#-528.00,421.00,-5170.00#DCM:#-0.81,-0.51,0.28,0.38,-0.82,-0.41,0.44,-0.23,0.86,

#T-YPR#7604.00#YPR=#145.85,-25.13,-10.92#T-acc#7596.00#Am-Raw#118.78,-99.33,227.33#T-mag#7598.00#Mm-Raw#44.50,-68.33,81.50#T-gyr#7596.00#Gm-Raw#393.00,585.00,-2427.00#DCM:#-0.75,-0.62,0.24,0.51,-0.77,-0.39,0.42,-0.17,0.89,

#T-YPR#7641.00#YPR=#138.55,-25.79,-10.13#T-acc#7634.00#Am-Raw#62.46,-28.67,259.07#T-mag#7636.00#Mm-Raw#55.50,-67.33,83.00#T-gyr#7632.00#Gm-Raw#115.00,201.00,-2111.00#DCM:#-0.67,-0.71,0.20,0.60,-0.69,-0.42,0.44,-0.16,0.89,

#T-YPR#7680.00#YPR=#135.49,-21.63,-9.81#T-acc#7673.00#Am-Raw#95.23,44.03,240.64#T-mag#7673.00#Mm-Raw#59.67,-69.00,84.50#T-gyr#7671.00#Gm-Raw#-191.00,722.00,-123.00#DCM:#-0.66,-0.74,0.14,0.65,-0.66,-0.38,0.37,-0.16,0.92,

#T-YPR#7718.00#YPR=#135.05,-20.92,-7.70#T-acc#7710.00#Am-Raw#151.55,-41.98,239.62#T-mag#7712.00#Mm-Raw#58.50,-73.67,85.33#T-gyr#7710.00#Gm-Raw#-178.00,161.00,1090.00#DCM:#-0.66,-0.73,0.16,0.66,-0.67,-0.34,0.36,-0.13,0.93,

#T-YPR#7755.00#YPR=#137.00,-19.93,-8.17#T-acc#7749.00#Am-Raw#63.49,-16.38,259.07#T-mag#7751.00#Mm-Raw#54.17,-79.67,90.50#T-gyr#7747.00#Gm-Raw#481.00,855.00,1532.00#DCM:#-0.69,-0.71,0.15,0.64,-0.69,-0.33,0.34,-0.13,0.93,

#T-YPR#7794.00#YPR=#143.11,-17.49,-9.66#T-acc#7786.00#Am-Raw#39.94,-117.76,314.37#T-mag#7788.00#Mm-Raw#46.17,-90.17,94.67#T-gyr#7786.00#Gm-Raw#127.00,17.00,3175.00#DCM:#-0.76,-0.63,0.14,0.57,-0.76,-0.31,0.30,-0.16,0.94,

#T-YPR#7831.00#YPR=#149.19,-16.62,-11.97#T-acc#7825.00#Am-Raw#78.85,-109.57,251.90#T-mag#7827.00#Mm-Raw#39.50,-99.50,99.67#T-gyr#7823.00#Gm-Raw#395.00,-585.00,2752.00#DCM:#-0.82,-0.55,0.13,0.49,-0.81,-0.32,0.29,-0.20,0.94,

#T-YPR#7870.00#YPR=#151.87,-16.40,-14.79#T-acc#7864.00#Am-Raw#144.38,-64.51,215.04#T-mag#7864.00#Mm-Raw#37.33,-109.83,105.50#T-gyr#7862.00#Gm-Raw#107.00,-301.00,1571.00#DCM:#-0.85,-0.52,0.12,0.45,-0.82,-0.35,0.28,-0.24,0.93,

#T-YPR#7909.00#YPR=#151.73,-16.68,-16.41#T-acc#7903.00#Am-Raw#129.02,-69.63,222.21#T-mag#7903.00#Mm-Raw#36.17,-119.50,108.00#T-gyr#7901.00#Gm-Raw#-261.00,821.00,959.00#DCM:#-0.84,-0.53,0.11,0.45,-0.81,-0.38,0.29,-0.27,0.92,

#T-YPR#7948.00#YPR=#152.45,-17.16,-18.92#T-acc#7942.00#Am-Raw#5.12,-72.70,268.29#T-mag#7942.00#Mm-Raw#34.67,-138.00,113.00#T-gyr#7940.00#Gm-Raw#-552.00,371.00,1165.00#DCM:#-0.85,-0.52,0.10,0.44,-0.79,-0.42,0.30,-0.31,0.90,

#T-YPR#7987.00#YPR=#156.31,-13.01,-20.48#T-acc#7979.00#Am-Raw#44.03,-106.50,240.64#T-mag#7981.00#Mm-Raw#27.50,-161.83,120.83#T-gyr#7979.00#Gm-Raw#-253.00,-271.00,2316.00#DCM:#-0.89,-0.45,0.05,0.39,-0.83,-0.41,0.23,-0.34,0.91,

#T-YPR#8026.00#YPR=#157.33,-11.82,-22.19#T-acc#8017.00#Am-Raw#26.62,-121.86,259.07#T-mag#8019.00#Mm-Raw#20.83,-184.83,135.00#T-gyr#8017.00#Gm-Raw#-140.00,-200.00,1084.00#DCM:#-0.90,-0.43,0.03,0.38,-0.82,-0.42,0.20,-0.37,0.91,

#T-YPR#8065.00#YPR=#157.33,-10.76,-23.74#T-acc#8056.00#Am-Raw#67.58,-117.76,239.62#T-mag#8058.00#Mm-Raw#29.33,-212.50,156.50#T-gyr#8056.00#Gm-Raw#-216.00,-293.00,700.00#DCM:#-0.91,-0.42,0.00,0.38,-0.82,-0.44,0.19,-0.40,0.90,

#T-YPR#8103.00#YPR=#156.39,-12.27,-25.96#T-acc#8095.00#Am-Raw#45.06,-63.49,234.50#T-mag#8097.00#Mm-Raw#44.67,-236.67,176.83#T-gyr#8095.00#Gm-Raw#-578.00,-455.00,287.00#DCM:#-0.90,-0.45,-0.00,0.39,-0.79,-0.48,0.21,-0.43,0.88,

#T-YPR#8142.00#YPR=#158.60,-11.34,-26.93#T-acc#8134.00#Am-Raw#65.54,-113.66,193.54#T-mag#8136.00#Mm-Raw#62.17,-286.17,227.83#T-gyr#8134.00#Gm-Raw#-689.00,-581.00,1721.00#DCM:#-0.91,-0.41,-0.00,0.36,-0.80,-0.49,0.20,-0.44,0.87,

#T-YPR#8181.00#YPR=#161.82,-10.12,-30.33#T-acc#8173.00#Am-Raw#44.03,-131.07,220.16#T-mag#8175.00#Mm-Raw#64.17,-315.83,317.00#T-gyr#8173.00#Gm-Raw#-681.00,-312.00,2093.00#DCM:#-0.94,-0.35,-0.01,0.31,-0.79,-0.53,0.18,-0.50,0.85,

#T-YPR#8220.00#YPR=#176.70,-4.80,-31.84#T-acc#8212.00#Am-Raw#-19.46,-206.85,126.98#T-mag#8214.00#Mm-Raw#-23.50,-226.33,682.67#T-gyr#8212.00#Gm-Raw#109.00,-1733.00,6494.00#DCM:#-0.99,-0.09,0.04,0.06,-0.84,-0.53,0.08,-0.52,0.84,

#T-YPR#8259.00#YPR=#-172.61,2.19,-38.03#T-acc#8251.00#Am-Raw#-3.07,-253.95,187.39#T-mag#8253.00#Mm-Raw#-57.33,-155.67,682.67#T-gyr#8251.00#Gm-Raw#-909.00,-350.00,3656.00#DCM:#-0.99,0.13,0.05,-0.13,-0.78,-0.61,-0.04,-0.61,0.78,

#T-YPR#8298.00#YPR=#-164.77,5.13,-40.34#T-acc#8292.00#Am-Raw#-68.61,-270.34,233.47#T-mag#8292.00#Mm-Raw#-66.17,-138.00,682.67#T-gyr#8290.00#Gm-Raw#-333.00,-485.00,2317.00#DCM:#-0.96,0.26,0.10,-0.26,-0.72,-0.64,-0.09,-0.64,0.76,

#T-YPR#8337.00#YPR=#-166.09,3.34,-40.80#T-acc#8331.00#Am-Raw#34.82,-258.05,181.25#T-mag#8331.00#Mm-Raw#-58.67,-165.00,682.67#T-gyr#8329.00#Gm-Raw#91.00,325.00,-1538.00#DCM:#-0.97,0.22,0.11,-0.24,-0.73,-0.64,-0.06,-0.65,0.76,

#T-YPR#8376.00#YPR=#-163.11,0.88,-41.66#T-acc#8370.00#Am-Raw#-81.92,-121.86,260.10#T-mag#8370.00#Mm-Raw#-54.67,-168.67,682.67#T-gyr#8368.00#Gm-Raw#388.00,-466.00,-172.00#DCM:#-0.96,0.23,0.18,-0.29,-0.71,-0.64,-0.02,-0.66,0.75,

#T-YPR#8415.00#YPR=#-159.67,2.51,-38.95#T-acc#8409.00#Am-Raw#35.84,-160.77,221.18#T-mag#8409.00#Mm-Raw#-50.67,-151.67,304.33#T-gyr#8407.00#Gm-Raw#94.00,-355.00,138.00#DCM:#-0.94,0.30,0.19,-0.35,-0.72,-0.60,-0.04,-0.63,0.78,

#T-YPR#8454.00#YPR=#-155.83,0.86,-38.42#T-acc#8448.00#Am-Raw#1.02,-146.43,212.99#T-mag#8448.00#Mm-Raw#-47.00,-133.50,279.83#T-gyr#8445.00#Gm-Raw#16.00,-408.00,626.00#DCM:#-0.91,0.33,0.24,-0.41,-0.71,-0.57,-0.02,-0.62,0.78,

#T-YPR#8493.00#YPR=#-150.18,1.60,-37.00#T-acc#8484.00#Am-Raw#4.10,-150.53,219.14#T-mag#8486.00#Mm-Raw#-44.17,-113.33,267.83#T-gyr#8484.00#Gm-Raw#196.00,-570.00,1374.00#DCM:#-0.87,0.41,0.28,-0.50,-0.68,-0.53,-0.03,-0.60,0.80,

#T-YPR#8531.00#YPR=#-143.09,4.57,-37.41#T-acc#8523.00#Am-Raw#-35.84,-100.35,224.26#T-mag#8525.00#Mm-Raw#-53.83,-111.83,267.00#T-gyr#8523.00#Gm-Raw#-516.00,-247.00,2417.00#DCM:#-0.80,0.52,0.31,-0.60,-0.61,-0.52,-0.08,-0.61,0.79,

#T-YPR#8570.00#YPR=#-137.75,2.93,-37.23#T-acc#8562.00#Am-Raw#6.14,-483.33,275.46#T-mag#8564.00#Mm-Raw#-60.50,-108.83,267.17#T-gyr#8562.00#Gm-Raw#-874.00,-1624.00,722.00#DCM:#-0.74,0.56,0.38,-0.67,-0.57,-0.48,-0.05,-0.60,0.80,

#T-YPR#8609.00#YPR=#-136.03,0.72,-36.64#T-acc#8601.00#Am-Raw#-39.94,-223.23,-79.87#T-mag#8603.00#Mm-Raw#-37.17,-107.33,266.50#T-gyr#8601.00#Gm-Raw#232.00,-809.00,-262.00#DCM:#-0.72,0.56,0.41,-0.69,-0.57,-0.44,-0.01,-0.60,0.80,

#T-YPR#8648.00#YPR=#-137.85,3.62,-47.14#T-acc#8642.00#Am-Raw#234.50,-112.64,-64.51#T-mag#8642.00#Mm-Raw#-29.33,-109.33,268.00#T-gyr#8640.00#Gm-Raw#-579.00,1110.00,-438.00#DCM:#-0.74,0.49,0.46,-0.67,-0.47,-0.57,-0.06,-0.73,0.68,

#T-YPR#8687.00#YPR=#-133.27,-5.38,-55.14#T-acc#8681.00#Am-Raw#78.85,-158.72,122.88#T-mag#8681.00#Mm-Raw#-51.83,-109.33,259.67#T-gyr#8679.00#Gm-Raw#-943.00,-854.00,705.00#DCM:#-0.68,0.36,0.63,-0.72,-0.45,-0.52,0.09,-0.82,0.57,

#T-YPR#8726.00#YPR=#-132.42,-2.45,-58.76#T-acc#8720.00#Am-Raw#-29.70,-162.82,171.01#T-mag#8720.00#Mm-Raw#-64.83,-112.67,243.50#T-gyr#8718.00#Gm-Raw#-1465.00,1055.00,1392.00#DCM:#-0.67,0.36,0.65,-0.74,-0.38,-0.56,0.04,-0.85,0.52,

#T-YPR#8765.00#YPR=#-132.13,3.72,-59.59#T-acc#8759.00#Am-Raw#-82.94,-218.11,165.89#T-mag#8761.00#Mm-Raw#-72.00,-107.50,223.83#T-gyr#8757.00#Gm-Raw#-1171.00,859.00,1375.00#DCM:#-0.67,0.41,0.62,-0.74,-0.30,-0.60,-0.06,-0.86,0.51,

#T-YPR#8806.00#YPR=#-133.73,8.24,-62.96#T-acc#8798.00#Am-Raw#-63.49,-189.44,132.10#T-mag#8800.00#Mm-Raw#-73.17,-103.83,203.83#T-gyr#8798.00#Gm-Raw#-1553.00,1107.00,380.00#DCM:#-0.68,0.42,0.60,-0.72,-0.22,-0.66,-0.14,-0.88,0.45,

#T-YPR#8845.00#YPR=#-134.04,13.23,-66.22#T-acc#8837.00#Am-Raw#-109.57,-237.57,135.17#T-mag#8839.00#Mm-Raw#-75.50,-100.00,190.67#T-gyr#8837.00#Gm-Raw#-1585.00,1023.00,1070.00#DCM:#-0.68,0.44,0.59,-0.70,-0.13,-0.70,-0.23,-0.89,0.39,

#T-YPR#8884.00#YPR=#-133.98,17.67,-68.73#T-acc#8878.00#Am-Raw#-123.90,-192.51,82.94#T-mag#8878.00#Mm-Raw#-78.67,-98.33,175.33#T-gyr#8876.00#Gm-Raw#-1188.00,820.00,916.00#DCM:#-0.66,0.46,0.59,-0.69,-0.05,-0.73,-0.30,-0.89,0.35,

#T-YPR#8923.00#YPR=#-134.48,23.16,-72.71#T-acc#8916.00#Am-Raw#-119.81,-234.50,133.12#T-mag#8916.00#Mm-Raw#-84.83,-97.33,159.83#T-gyr#8914.00#Gm-Raw#-1325.00,905.00,853.00#DCM:#-0.64,0.48,0.60,-0.66,0.06,-0.75,-0.39,-0.88,0.27,

#T-YPR#8962.00#YPR=#-135.94,26.24,-77.68#T-acc#8955.00#Am-Raw#-103.42,-211.97,101.38#T-mag#8957.00#Mm-Raw#-91.00,-100.00,137.17#T-gyr#8953.00#Gm-Raw#-2051.00,1361.00,706.00#DCM:#-0.64,0.46,0.61,-0.62,0.15,-0.77,-0.44,-0.88,0.19,

#T-YPR#9003.00#YPR=#-136.77,29.67,-81.74#T-acc#8994.00#Am-Raw#-143.36,-224.26,53.25#T-mag#8996.00#Mm-Raw#-98.17,-99.33,112.83#T-gyr#8994.00#Gm-Raw#-1958.00,1293.00,1153.00#DCM:#-0.63,0.46,0.63,-0.60,0.23,-0.77,-0.50,-0.86,0.12,

#T-YPR#9041.00#YPR=#-138.75,33.45,-87.32#T-acc#9033.00#Am-Raw#-132.10,-219.14,39.94#T-mag#9035.00#Mm-Raw#-102.67,-95.33,91.67#T-gyr#9033.00#Gm-Raw#-1756.00,1210.00,1093.00#DCM:#-0.63,0.44,0.64,-0.55,0.33,-0.77,-0.55,-0.83,0.04,

#T-YPR#9080.00#YPR=#-141.57,35.10,-93.63#T-acc#9074.00#Am-Raw#-145.41,-209.92,30.72#T-mag#9074.00#Mm-Raw#-101.83,-93.00,70.50#T-gyr#9072.00#Gm-Raw#-1956.00,1416.00,765.00#DCM:#-0.64,0.41,0.65,-0.51,0.41,-0.76,-0.58,-0.82,-0.05,

#T-YPR#9119.00#YPR=#-141.60,37.57,-96.89#T-acc#9113.00#Am-Raw#-199.68,-242.69,-15.36#T-mag#9113.00#Mm-Raw#-99.67,-90.33,57.00#T-gyr#9111.00#Gm-Raw#-1589.00,642.00,943.00#DCM:#-0.62,0.40,0.67,-0.49,0.47,-0.73,-0.61,-0.79,-0.10,

#T-YPR#9158.00#YPR=#-142.80,38.87,-101.25#T-acc#9152.00#Am-Raw#-160.77,-192.51,-18.43#T-mag#9152.00#Mm-Raw#-96.00,-84.50,40.17#T-gyr#9150.00#Gm-Raw#-1168.00,613.00,438.00#DCM:#-0.62,0.37,0.69,-0.47,0.53,-0.71,-0.63,-0.76,-0.15,

#T-YPR#9197.00#YPR=#-142.31,38.80,-105.65#T-acc#9191.00#Am-Raw#-198.66,-202.75,-43.01#T-mag#9193.00#Mm-Raw#-89.17,-81.17,25.17#T-gyr#9189.00#Gm-Raw#-1777.00,326.00,-79.00#DCM:#-0.62,0.31,0.72,-0.48,0.58,-0.66,-0.63,-0.75,-0.21,

#T-YPR#9238.00#YPR=#-135.77,44.48,-102.28#T-acc#9230.00#Am-Raw#-75.78,-31.74,120.83#T-mag#9232.00#Mm-Raw#-94.00,-66.33,18.17#T-gyr#9230.00#Gm-Raw#-355.00,-1799.00,1441.00#DCM:#-0.51,0.34,0.79,-0.50,0.63,-0.60,-0.70,-0.70,-0.15,

#T-YPR#9277.00#YPR=#-133.83,55.56,-99.80#T-acc#9269.00#Am-Raw#-125.95,-78.85,-275.46#T-mag#9271.00#Mm-Raw#-102.00,-42.33,16.33#T-gyr#9269.00#Gm-Raw#163.00,-1017.00,3914.00#DCM:#-0.39,0.44,0.81,-0.41,0.70,-0.58,-0.82,-0.56,-0.10,

#T-YPR#9316.00#YPR=#-152.96,53.79,-123.74#T-acc#9310.00#Am-Raw#-297.98,-171.01,9.22#T-mag#9310.00#Mm-Raw#-100.50,-32.17,-3.17#T-gyr#9308.00#Gm-Raw#-1899.00,2036.00,859.00#DCM:#-0.52,0.35,0.78,-0.27,0.80,-0.54,-0.81,-0.49,-0.33,

#T-YPR#9355.00#YPR=#-152.68,56.70,-123.57#T-acc#9349.00#Am-Raw#-237.57,-98.30,-82.94#T-mag#9349.00#Mm-Raw#-97.17,-26.33,-7.17#T-gyr#9347.00#Gm-Raw#-513.00,-180.00,712.00#DCM:#-0.49,0.36,0.79,-0.25,0.81,-0.53,-0.84,-0.46,-0.30,

#T-YPR#9394.00#YPR=#-156.65,59.46,-126.76#T-acc#9388.00#Am-Raw#-79.87,-27.65,-190.46#T-mag#9388.00#Mm-Raw#-96.33,-20.67,-4.17#T-gyr#9385.00#Gm-Raw#87.00,23.00,819.00#DCM:#-0.47,0.40,0.79,-0.20,0.82,-0.53,-0.86,-0.41,-0.30,

#T-YPR#9433.00#YPR=#-169.27,57.98,-140.01#T-acc#9426.00#Am-Raw#-198.66,-3.07,-99.33#T-mag#9426.00#Mm-Raw#-94.83,-17.17,-8.50#T-gyr#9424.00#Gm-Raw#-320.00,756.00,1242.00#DCM:#-0.52,0.39,0.76,-0.10,0.85,-0.51,-0.85,-0.34,-0.41,

#T-YPR#9472.00#YPR=#176.46,59.91,-150.94#T-acc#9465.00#Am-Raw#-134.14,-169.98,-117.76#T-mag#9465.00#Mm-Raw#-93.17,-2.50,-11.67#T-gyr#9463.00#Gm-Raw#873.00,812.00,1870.00#DCM:#-0.50,0.47,0.73,0.03,0.85,-0.53,-0.87,-0.24,-0.44,

#T-YPR#9510.00#YPR=#-169.41,44.41,-138.57#T-acc#9504.00#Am-Raw#-387.07,104.45,-94.21#T-mag#9504.00#Mm-Raw#-89.17,-17.33,-21.00#T-gyr#9502.00#Gm-Raw#-204.00,1962.00,-4382.00#DCM:#-0.70,0.32,0.64,-0.13,0.82,-0.55,-0.70,-0.47,-0.53,

#T-YPR#9549.00#YPR=#179.93,53.48,-148.55#T-acc#9543.00#Am-Raw#-273.41,-20.48,-105.47#T-mag#9545.00#Mm-Raw#-88.83,-0.83,-18.17#T-gyr#9541.00#Gm-Raw#-576.00,-1124.00,3871.00#DCM:#-0.59,0.42,0.69,0.00,0.85,-0.52,-0.80,-0.31,-0.51,

#T-YPR#9590.00#YPR=#177.47,54.45,-151.61#T-acc#9582.00#Am-Raw#-126.98,-100.35,-158.72#T-mag#9584.00#Mm-Raw#-87.50,1.83,-19.33#T-gyr#9582.00#Gm-Raw#-222.00,565.00,-222.00#DCM:#-0.58,0.43,0.69,0.03,0.86,-0.51,-0.81,-0.28,-0.51,

#T-YPR#9629.00#YPR=#175.05,50.72,-156.15#T-acc#9621.00#Am-Raw#-353.28,76.80,-99.33#T-mag#9623.00#Mm-Raw#-86.33,-0.17,-23.00#T-gyr#9621.00#Gm-Raw#-1157.00,635.00,386.00#DCM:#-0.63,0.39,0.67,0.05,0.88,-0.46,-0.77,-0.26,-0.58,

#T-YPR#9666.00#YPR=#170.87,52.88,-161.07#T-acc#9660.00#Am-Raw#-216.06,-72.70,-115.71#T-mag#9662.00#Mm-Raw#-84.67,6.83,-23.33#T-gyr#9658.00#Gm-Raw#-622.00,-280.00,923.00#DCM:#-0.60,0.41,0.69,0.10,0.89,-0.44,-0.80,-0.20,-0.57,

#T-YPR#9705.00#YPR=#170.10,56.16,-160.52#T-acc#9699.00#Am-Raw#-218.11,-10.24,-190.46#T-mag#9701.00#Mm-Raw#-82.50,11.00,-21.33#T-gyr#9697.00#Gm-Raw#36.00,-598.00,727.00#DCM:#-0.55,0.43,0.71,0.10,0.88,-0.46,-0.83,-0.19,-0.53,

#T-YPR#9744.00#YPR=#167.02,55.19,-163.99#T-acc#9738.00#Am-Raw#-157.70,18.43,-143.36#T-mag#9738.00#Mm-Raw#-81.00,13.67,-21.83#T-gyr#9736.00#Gm-Raw#-112.00,14.00,63.00#DCM:#-0.56,0.44,0.71,0.13,0.89,-0.45,-0.82,-0.16,-0.55,

#T-YPR#9783.00#YPR=#161.37,56.49,-168.20#T-acc#9775.00#Am-Raw#-162.82,50.18,-131.07#T-mag#9777.00#Mm-Raw#-80.17,17.17,-19.33#T-gyr#9775.00#Gm-Raw#394.00,-573.00,703.00#DCM:#-0.52,0.47,0.71,0.18,0.87,-0.45,-0.83,-0.11,-0.54,

#T-YPR#9822.00#YPR=#146.69,57.78,-179.76#T-acc#9814.00#Am-Raw#5.12,54.27,-193.54#T-mag#9816.00#Mm-Raw#-76.50,29.50,-16.83#T-gyr#9814.00#Gm-Raw#685.00,-526.00,2305.00#DCM:#-0.45,0.55,0.70,0.29,0.83,-0.47,-0.85,-0.00,-0.53,

#T-YPR#9859.00#YPR=#130.86,47.75,171.21#T-acc#9852.00#Am-Raw#52.22,9.22,-147.46#T-mag#9854.00#Mm-Raw#-71.83,39.17,-21.00#T-gyr#9850.00#Gm-Raw#1419.00,1654.00,3578.00#DCM:#-0.44,0.67,0.59,0.51,0.73,-0.45,-0.74,0.10,-0.66,

#T-YPR#9897.00#YPR=#131.66,34.90,174.58#T-acc#9891.00#Am-Raw#-39.94,79.87,-272.38#T-mag#9891.00#Mm-Raw#-66.83,38.83,-33.00#T-gyr#9889.00#Gm-Raw#923.00,4623.00,284.00#DCM:#-0.54,0.71,0.45,0.61,0.70,-0.36,-0.57,0.08,-0.82,

#T-YPR#9934.00#YPR=#135.41,16.19,176.91#T-acc#9928.00#Am-Raw#-287.74,63.49,-363.52#T-mag#9930.00#Mm-Raw#-61.83,32.17,-47.17#T-gyr#9928.00#Gm-Raw#853.00,5674.00,-1555.00#DCM:#-0.68,0.69,0.24,0.67,0.72,-0.16,-0.28,0.05,-0.95,

#T-YPR#9973.00#YPR=#138.37,9.98,177.86#T-acc#9967.00#Am-Raw#-366.59,92.16,-192.51#T-mag#9969.00#Mm-Raw#-57.83,26.17,-54.83#T-gyr#9965.00#Gm-Raw#136.00,2375.00,-1074.00#DCM:#-0.74,0.66,0.15,0.65,0.75,-0.09,-0.17,0.04,-0.98,

#T-YPR#10012.00#YPR=#133.77,10.02,175.02#T-acc#10006.00#Am-Raw#-143.36,104.45,-167.94#T-mag#10006.00#Mm-Raw#-57.17,29.83,-53.33#T-gyr#10004.00#Gm-Raw#-748.00,-169.00,1948.00#DCM:#-0.68,0.71,0.18,0.71,0.70,-0.07,-0.17,0.09,-0.98,

#T-YPR#10051.00#YPR=#120.85,12.84,165.19#T-acc#10045.00#Am-Raw#-27.65,18.43,-267.26#T-mag#10047.00#Mm-Raw#-50.17,46.50,-47.17#T-gyr#10043.00#Gm-Raw#-1093.00,-457.00,4372.00#DCM:#-0.50,0.80,0.33,0.84,0.54,-0.05,-0.22,0.25,-0.94,

#T-YPR#10092.00#YPR=#114.07,7.51,165.59#T-acc#10084.00#Am-Raw#4.10,-30.72,-287.74#T-mag#10086.00#Mm-Raw#-39.33,60.00,-44.00#T-gyr#10084.00#Gm-Raw#-185.00,757.00,3173.00#DCM:#-0.40,0.87,0.28,0.91,0.42,-0.01,-0.13,0.25,-0.96,

#T-YPR#10129.00#YPR=#113.21,1.53,171.48#T-acc#10123.00#Am-Raw#-58.37,91.14,-275.46#T-mag#10125.00#Mm-Raw#-36.00,62.17,-44.83#T-gyr#10121.00#Gm-Raw#977.00,1617.00,869.00#DCM:#-0.39,0.91,0.15,0.92,0.39,0.03,-0.03,0.15,-0.99,

#T-YPR#10168.00#YPR=#112.42,1.05,167.77#T-acc#10162.00#Am-Raw#-199.68,269.31,-231.42#T-mag#10162.00#Mm-Raw#-34.67,66.33,-42.33#T-gyr#10160.00#Gm-Raw#-867.00,675.00,515.00#DCM:#-0.38,0.90,0.20,0.92,0.38,0.06,-0.02,0.21,-0.98,

#T-YPR#10207.00#YPR=#109.71,-0.03,166.99#T-acc#10201.00#Am-Raw#-61.44,-1.02,-205.82#T-mag#10201.00#Mm-Raw#-27.50,71.17,-43.00#T-gyr#10199.00#Gm-Raw#-282.00,146.00,1201.00#DCM:#-0.34,0.92,0.21,0.94,0.33,0.08,0.00,0.23,-0.97,

#T-YPR#10246.00#YPR=#110.58,2.07,169.17#T-acc#10240.00#Am-Raw#-3.07,87.04,-229.38#T-mag#10240.00#Mm-Raw#-28.33,70.67,-43.00#T-gyr#10237.00#Gm-Raw#272.00,-38.00,-256.00#DCM:#-0.35,0.92,0.19,0.94,0.35,0.03,-0.04,0.19,-0.98,

#T-YPR#10285.00#YPR=#110.92,1.96,167.52#T-acc#10276.00#Am-Raw#-5.12,134.14,-216.06#T-mag#10278.00#Mm-Raw#-28.83,70.00,-43.17#T-gyr#10276.00#Gm-Raw#39.00,-23.00,-72.00#DCM:#-0.36,0.91,0.21,0.93,0.36,0.05,-0.03,0.22,-0.98,

#T-YPR#10321.00#YPR=#110.84,1.62,163.80#T-acc#10315.00#Am-Raw#-6.14,74.75,-234.50#T-mag#10315.00#Mm-Raw#-27.50,70.33,-43.33#T-gyr#10313.00#Gm-Raw#11.00,68.00,52.00#DCM:#-0.36,0.89,0.27,0.93,0.35,0.07,-0.03,0.28,-0.96,

#T-YPR#10360.00#YPR=#111.21,1.44,163.59#T-acc#10352.00#Am-Raw#-18.43,105.47,-233.47#T-mag#10354.00#Mm-Raw#-28.33,70.00,-42.50#T-gyr#10352.00#Gm-Raw#21.00,87.00,-88.00#DCM:#-0.36,0.89,0.27,0.93,0.35,0.08,-0.03,0.28,-0.96,

#T-YPR#10397.00#YPR=#111.81,1.99,162.43#T-acc#10391.00#Am-Raw#-26.62,96.26,-230.40#T-mag#10391.00#Mm-Raw#-29.00,69.17,-43.33#T-gyr#10389.00#Gm-Raw#132.00,41.00,-173.00#DCM:#-0.37,0.88,0.29,0.93,0.36,0.08,-0.03,0.30,-0.95,

#T-YPR#10436.00#YPR=#111.28,2.60,161.32#T-acc#10428.00#Am-Raw#-14.34,104.45,-229.38#T-mag#10430.00#Mm-Raw#-27.83,70.00,-43.17#T-gyr#10428.00#Gm-Raw#-35.00,-22.00,272.00#DCM:#-0.36,0.88,0.31,0.93,0.36,0.08,-0.05,0.32,-0.95,

#T-YPR#10475.00#YPR=#110.70,2.56,159.91#T-acc#10467.00#Am-Raw#-8.19,98.30,-228.35#T-mag#10469.00#Mm-Raw#-27.33,70.33,-43.00#T-gyr#10467.00#Gm-Raw#-88.00,-29.00,267.00#DCM:#-0.35,0.87,0.34,0.93,0.35,0.08,-0.04,0.34,-0.94,

#T-YPR#10512.00#YPR=#110.74,2.34,159.32#T-acc#10506.00#Am-Raw#-15.36,92.16,-230.40#T-mag#10506.00#Mm-Raw#-26.67,71.17,-42.00#T-gyr#10504.00#Gm-Raw#11.00,23.00,56.00#DCM:#-0.35,0.87,0.34,0.93,0.34,0.09,-0.04,0.35,-0.93,

#T-YPR#10551.00#YPR=#111.17,2.49,159.29#T-acc#10543.00#Am-Raw#-17.41,97.28,-228.35#T-mag#10545.00#Mm-Raw#-27.17,71.33,-43.17#T-gyr#10543.00#Gm-Raw#71.00,63.00,-96.00#DCM:#-0.36,0.87,0.34,0.93,0.35,0.09,-0.04,0.35,-0.93,

#T-YPR#10588.00#YPR=#111.77,2.71,159.10#T-acc#10582.00#Am-Raw#-14.34,97.28,-227.33#T-mag#10582.00#Mm-Raw#-27.33,70.33,-43.00#T-gyr#10579.00#Gm-Raw#87.00,79.00,-158.00#DCM:#-0.37,0.86,0.35,0.93,0.36,0.09,-0.05,0.36,-0.93,

#T-YPR#10627.00#YPR=#112.35,2.76,158.89#T-acc#10618.00#Am-Raw#-13.31,97.28,-229.38#T-mag#10620.00#Mm-Raw#-27.67,69.83,-42.67#T-gyr#10618.00#Gm-Raw#79.00,80.00,-136.00#DCM:#-0.38,0.86,0.35,0.92,0.37,0.10,-0.05,0.36,-0.93,

#T-YPR#10663.00#YPR=#113.09,2.77,158.82#T-acc#10657.00#Am-Raw#-17.41,94.21,-231.42#T-mag#10659.00#Mm-Raw#-28.17,70.00,-43.83#T-gyr#10655.00#Gm-Raw#104.00,98.00,-194.00#DCM:#-0.39,0.85,0.35,0.92,0.38,0.10,-0.05,0.36,-0.93,

#T-YPR#10702.00#YPR=#113.83,2.97,158.96#T-acc#10696.00#Am-Raw#-17.41,96.26,-230.40#T-mag#10696.00#Mm-Raw#-29.67,68.83,-43.83#T-gyr#10694.00#Gm-Raw#121.00,91.00,-214.00#DCM:#-0.40,0.85,0.35,0.91,0.39,0.10,-0.05,0.36,-0.93,

#T-YPR#10741.00#YPR=#114.34,3.09,158.81#T-acc#10733.00#Am-Raw#-17.41,99.33,-228.35#T-mag#10735.00#Mm-Raw#-29.67,68.50,-43.83#T-gyr#10733.00#Gm-Raw#63.00,70.00,-93.00#DCM:#-0.41,0.84,0.35,0.91,0.40,0.10,-0.05,0.36,-0.93,

#T-YPR#10778.00#YPR=#114.47,3.15,158.41#T-acc#10772.00#Am-Raw#-19.46,93.18,-231.42#T-mag#10772.00#Mm-Raw#-29.33,69.00,-43.50#T-gyr#10770.00#Gm-Raw#18.00,34.00,23.00#DCM:#-0.41,0.84,0.36,0.91,0.40,0.11,-0.06,0.37,-0.93,

#T-YPR#10817.00#YPR=#114.54,3.29,158.39#T-acc#10809.00#Am-Raw#-15.36,93.18,-231.42#T-mag#10811.00#Mm-Raw#-29.50,68.33,-44.50#T-gyr#10809.00#Gm-Raw#28.00,28.00,41.00#DCM:#-0.41,0.84,0.36,0.91,0.41,0.10,-0.06,0.37,-0.93,

#T-YPR#10854.00#YPR=#114.79,3.24,158.39#T-acc#10848.00#Am-Raw#-18.43,93.18,-230.40#T-mag#10848.00#Mm-Raw#-29.33,68.67,-44.33#T-gyr#10846.00#Gm-Raw#35.00,48.00,-15.00#DCM:#-0.42,0.84,0.36,0.91,0.41,0.11,-0.06,0.37,-0.93,

#T-YPR#10893.00#YPR=#115.04,3.34,158.39#T-acc#10885.00#Am-Raw#-18.43,95.23,-230.40#T-mag#10887.00#Mm-Raw#-29.33,68.83,-43.50#T-gyr#10885.00#Gm-Raw#37.00,49.00,-23.00#DCM:#-0.42,0.83,0.36,0.90,0.41,0.11,-0.06,0.37,-0.93,

#T-YPR#10930.00#YPR=#115.17,3.40,158.28#T-acc#10924.00#Am-Raw#-18.43,94.21,-233.47#T-mag#10924.00#Mm-Raw#-29.00,68.50,-44.50#T-gyr#10921.00#Gm-Raw#28.00,39.00,10.00#DCM:#-0.42,0.83,0.36,0.90,0.41,0.11,-0.06,0.37,-0.93,

#T-YPR#10969.00#YPR=#115.18,3.43,158.22#T-acc#10960.00#Am-Raw#-17.41,94.21,-230.40#T-mag#10962.00#Mm-Raw#-29.33,68.50,-44.00#T-gyr#10958.00#Gm-Raw#10.00,32.00,52.00#DCM:#-0.42,0.83,0.36,0.90,0.42,0.11,-0.06,0.37,-0.93,

#T-YPR#11005.00#YPR=#115.04,3.38,158.06#T-acc#10997.00#Am-Raw#-18.43,97.28,-227.33#T-mag#10999.00#Mm-Raw#-28.50,69.33,-44.00#T-gyr#10997.00#Gm-Raw#-11.00,17.00,116.00#DCM:#-0.42,0.83,0.36,0.90,0.41,0.11,-0.06,0.37,-0.93,

#T-YPR#11044.00#YPR=#114.95,3.29,157.68#T-acc#11036.00#Am-Raw#-21.50,96.26,-234.50#T-mag#11038.00#Mm-Raw#-28.00,69.17,-43.83#T-gyr#11034.00#Gm-Raw#-43.00,70.00,88.00#DCM:#-0.42,0.83,0.37,0.91,0.41,0.11,-0.06,0.38,-0.92,

#T-YPR#11081.00#YPR=#114.90,3.50,157.55#T-acc#11075.00#Am-Raw#-24.58,89.09,-234.50#T-mag#11075.00#Mm-Raw#-28.67,69.50,-43.17#T-gyr#11073.00#Gm-Raw#-32.00,14.00,56.00#DCM:#-0.42,0.83,0.37,0.91,0.41,0.11,-0.06,0.38,-0.92,

#T-YPR#11120.00#YPR=#114.72,3.72,157.89#T-acc#11112.00#Am-Raw#-6.14,98.30,-233.47#T-mag#11114.00#Mm-Raw#-27.50,70.00,-43.17#T-gyr#11110.00#Gm-Raw#28.00,23.00,131.00#DCM:#-0.42,0.83,0.37,0.91,0.41,0.10,-0.06,0.38,-0.92,

#T-YPR#11157.00#YPR=#114.79,3.21,157.71#T-acc#11151.00#Am-Raw#-18.43,89.09,-225.28#T-mag#11151.00#Mm-Raw#-28.33,69.50,-43.17#T-gyr#11149.00#Gm-Raw#-3.00,36.00,0.00#DCM:#-0.42,0.83,0.37,0.91,0.41,0.11,-0.06,0.38,-0.92,

#T-YPR#11194.00#YPR=#114.81,3.32,157.87#T-acc#11188.00#Am-Raw#-19.46,99.33,-229.38#T-mag#11190.00#Mm-Raw#-27.83,69.50,-43.50#T-gyr#11186.00#Gm-Raw#29.00,25.00,31.00#DCM:#-0.42,0.83,0.36,0.91,0.41,0.11,-0.06,0.38,-0.92,

#T-YPR#11233.00#YPR=#115.04,3.49,157.67#T-acc#11225.00#Am-Raw#-15.36,89.09,-224.26#T-mag#11227.00#Mm-Raw#-27.67,69.83,-42.67#T-gyr#11225.00#Gm-Raw#20.00,41.00,-55.00#DCM:#-0.42,0.83,0.37,0.90,0.41,0.11,-0.06,0.38,-0.92,

#T-YPR#11270.00#YPR=#115.09,3.44,157.89#T-acc#11264.00#Am-Raw#-17.41,101.38,-230.40#T-mag#11264.00#Mm-Raw#-27.50,69.67,-43.67#T-gyr#11261.00#Gm-Raw#54.00,31.00,13.00#DCM:#-0.42,0.83,0.36,0.90,0.41,0.11,-0.06,0.38,-0.92,

#T-YPR#11309.00#YPR=#115.10,3.40,157.58#T-acc#11300.00#Am-Raw#-18.43,95.23,-224.26#T-mag#11302.00#Mm-Raw#-28.50,69.83,-43.17#T-gyr#11300.00#Gm-Raw#7.00,53.00,21.00#DCM:#-0.42,0.83,0.37,0.90,0.41,0.11,-0.06,0.38,-0.92,

#T-YPR#11345.00#YPR=#115.34,3.47,157.57#T-acc#11339.00#Am-Raw#-13.31,98.30,-230.40#T-mag#11339.00#Mm-Raw#-28.50,69.50,-43.17#T-gyr#11337.00#Gm-Raw#46.00,59.00,-50.00#DCM:#-0.43,0.83,0.37,0.90,0.42,0.11,-0.06,0.38,-0.92,

#T-YPR#11384.00#YPR=#115.60,3.30,157.48#T-acc#11376.00#Am-Raw#-20.48,92.16,-228.35#T-mag#11378.00#Mm-Raw#-27.17,69.33,-43.67#T-gyr#11376.00#Gm-Raw#23.00,62.00,-52.00#DCM:#-0.43,0.82,0.37,0.90,0.42,0.12,-0.06,0.38,-0.92,

#T-YPR#11421.00#YPR=#115.57,3.45,157.68#T-acc#11415.00#Am-Raw#-10.24,96.26,-234.50#T-mag#11415.00#Mm-Raw#-28.50,69.33,-43.17#T-gyr#11413.00#Gm-Raw#56.00,30.00,31.00#DCM:#-0.43,0.82,0.37,0.90,0.42,0.11,-0.06,0.38,-0.92,

#T-YPR#11460.00#YPR=#115.85,3.17,157.73#T-acc#11452.00#Am-Raw#-13.31,94.21,-226.30#T-mag#11454.00#Mm-Raw#-27.83,70.33,-42.83#T-gyr#11452.00#Gm-Raw#26.00,55.00,-62.00#DCM:#-0.44,0.82,0.36,0.90,0.42,0.12,-0.06,0.38,-0.92,

#T-YPR#11497.00#YPR=#116.11,3.07,157.79#T-acc#11491.00#Am-Raw#-18.43,95.23,-233.47#T-mag#11491.00#Mm-Raw#-28.83,69.67,-43.83#T-gyr#11489.00#Gm-Raw#55.00,73.00,-80.00#DCM:#-0.44,0.82,0.36,0.90,0.43,0.12,-0.05,0.38,-0.92,

#T-YPR#11536.00#YPR=#116.26,3.23,157.86#T-acc#11528.00#Am-Raw#-18.43,93.18,-232.45#T-mag#11530.00#Mm-Raw#-28.50,69.33,-43.50#T-gyr#11528.00#Gm-Raw#34.00,37.00,-22.00#DCM:#-0.44,0.82,0.36,0.90,0.43,0.12,-0.06,0.38,-0.92,

#T-YPR#11573.00#YPR=#116.46,3.33,158.00#T-acc#11567.00#Am-Raw#-16.38,98.30,-232.45#T-mag#11567.00#Mm-Raw#-28.50,69.83,-43.00#T-gyr#11565.00#Gm-Raw#46.00,52.00,-40.00#DCM:#-0.44,0.82,0.36,0.89,0.43,0.12,-0.06,0.37,-0.93,

#T-YPR#11612.00#YPR=#116.47,3.30,157.85#T-acc#11603.00#Am-Raw#-20.48,94.21,-227.33#T-mag#11606.00#Mm-Raw#-28.17,69.17,-44.00#T-gyr#11603.00#Gm-Raw#19.00,40.00,15.00#DCM:#-0.44,0.82,0.36,0.89,0.43,0.12,-0.06,0.38,-0.92,

#T-YPR#11649.00#YPR=#116.47,3.43,157.82#T-acc#11642.00#Am-Raw#-17.41,94.21,-231.42#T-mag#11642.00#Mm-Raw#-28.17,69.17,-43.50#T-gyr#11640.00#Gm-Raw#26.00,44.00,19.00#DCM:#-0.44,0.82,0.36,0.89,0.43,0.12,-0.06,0.38,-0.92,

#T-YPR#11685.00#YPR=#116.45,3.45,157.82#T-acc#11679.00#Am-Raw#-16.38,95.23,-230.40#T-mag#11681.00#Mm-Raw#-28.50,69.67,-43.17#T-gyr#11677.00#Gm-Raw#15.00,29.00,28.00#DCM:#-0.44,0.82,0.36,0.89,0.43,0.12,-0.06,0.38,-0.92,

#T-YPR#11724.00#YPR=#116.44,3.39,157.80#T-acc#11716.00#Am-Raw#-17.41,95.23,-227.33#T-mag#11718.00#Mm-Raw#-27.50,69.67,-43.50#T-gyr#11716.00#Gm-Raw#23.00,41.00,22.00#DCM:#-0.44,0.82,0.36,0.89,0.43,0.12,-0.06,0.38,-0.92,

#T-YPR#11761.00#YPR=#116.32,3.40,157.69#T-acc#11755.00#Am-Raw#-18.43,95.23,-229.38#T-mag#11757.00#Mm-Raw#-28.67,69.33,-43.83#T-gyr#11753.00#Gm-Raw#11.00,31.00,45.00#DCM:#-0.44,0.82,0.36,0.89,0.43,0.12,-0.06,0.38,-0.92,

#T-YPR#11800.00#YPR=#116.38,3.43,157.66#T-acc#11792.00#Am-Raw#-18.43,96.26,-231.42#T-mag#11794.00#Mm-Raw#-28.17,69.50,-43.33#T-gyr#11792.00#Gm-Raw#17.00,50.00,10.00#DCM:#-0.44,0.82,0.37,0.89,0.43,0.12,-0.06,0.38,-0.92,

#T-YPR#11837.00#YPR=#116.32,3.47,157.59#T-acc#11831.00#Am-Raw#-16.38,95.23,-229.38#T-mag#11831.00#Mm-Raw#-28.17,70.00,-43.67#T-gyr#11829.00#Gm-Raw#4.00,30.00,42.00#DCM:#-0.44,0.82,0.37,0.89,0.43,0.12,-0.06,0.38,-0.92,

#T-YPR#11876.00#YPR=#116.28,3.43,157.59#T-acc#11868.00#Am-Raw#-15.36,96.26,-229.38#T-mag#11870.00#Mm-Raw#-27.67,70.00,-44.17#T-gyr#11866.00#Gm-Raw#23.00,32.00,29.00#DCM:#-0.44,0.82,0.37,0.90,0.43,0.12,-0.06,0.38,-0.92,

#T-YPR#11913.00#YPR=#116.31,3.36,157.54#T-acc#11907.00#Am-Raw#-17.41,94.21,-231.42#T-mag#11907.00#Mm-Raw#-28.17,69.33,-43.00#T-gyr#11905.00#Gm-Raw#16.00,43.00,-3.00#DCM:#-0.44,0.82,0.37,0.89,0.43,0.12,-0.06,0.38,-0.92,

#T-YPR#11950.00#YPR=#116.39,3.38,157.66#T-acc#11943.00#Am-Raw#-16.38,95.23,-229.38#T-mag#11945.00#Mm-Raw#-28.17,70.00,-43.00#T-gyr#11941.00#Gm-Raw#35.00,47.00,-7.00#DCM:#-0.44,0.82,0.36,0.89,0.43,0.12,-0.06,0.38,-0.92,

#T-YPR#11988.00#YPR=#116.40,3.37,157.63#T-acc#11980.00#Am-Raw#-16.38,94.21,-231.42#T-mag#11982.00#Mm-Raw#-27.67,70.17,-43.67#T-gyr#11980.00#Gm-Raw#17.00,34.00,10.00#DCM:#-0.44,0.82,0.37,0.89,0.43,0.12,-0.06,0.38,-0.92,

#T-YPR#12025.00#YPR=#116.54,3.35,157.72#T-acc#12019.00#Am-Raw#-16.38,98.30,-231.42#T-mag#12019.00#Mm-Raw#-28.50,69.67,-43.17#T-gyr#12017.00#Gm-Raw#26.00,58.00,-42.00#DCM:#-0.45,0.82,0.36,0.89,0.43,0.12,-0.06,0.38,-0.92,

#T-YPR#12064.00#YPR=#116.56,3.32,157.63#T-acc#12056.00#Am-Raw#-16.38,93.18,-228.35#T-mag#12058.00#Mm-Raw#-27.67,70.00,-43.33#T-gyr#12056.00#Gm-Raw#31.00,40.00,14.00#DCM:#-0.45,0.82,0.36,0.89,0.43,0.12,-0.06,0.38,-0.92,

#T-YPR#12101.00#YPR=#116.66,3.32,157.74#T-acc#12095.00#Am-Raw#-17.41,96.26,-229.38#T-mag#12095.00#Mm-Raw#-27.00,70.33,-43.67#T-gyr#12093.00#Gm-Raw#42.00,54.00,-34.00#DCM:#-0.45,0.82,0.36,0.89,0.43,0.12,-0.06,0.38,-0.92,

#T-YPR#12140.00#YPR=#116.69,3.34,157.67#T-acc#12132.00#Am-Raw#-17.41,92.16,-231.42#T-mag#12134.00#Mm-Raw#-28.17,69.67,-43.67#T-gyr#12132.00#Gm-Raw#20.00,53.00,-19.00#DCM:#-0.45,0.82,0.36,0.89,0.44,0.12,-0.06,0.38,-0.92,

#T-YPR#12177.00#YPR=#116.71,3.39,157.83#T-acc#12171.00#Am-Raw#-15.36,98.30,-229.38#T-mag#12171.00#Mm-Raw#-28.17,70.00,-43.33#T-gyr#12169.00#Gm-Raw#32.00,32.00,7.00#DCM:#-0.45,0.82,0.36,0.89,0.44,0.12,-0.06,0.38,-0.92,

#T-YPR#12216.00#YPR=#116.78,3.32,157.66#T-acc#12208.00#Am-Raw#-17.41,92.16,-228.35#T-mag#12210.00#Mm-Raw#-28.33,69.50,-43.83#T-gyr#12206.00#Gm-Raw#22.00,49.00,-18.00#DCM:#-0.45,0.82,0.36,0.89,0.44,0.12,-0.06,0.38,-0.92,

#T-YPR#12253.00#YPR=#116.88,3.36,157.79#T-acc#12247.00#Am-Raw#-17.41,96.26,-230.40#T-mag#12247.00#Mm-Raw#-28.33,69.67,-43.67#T-gyr#12244.00#Gm-Raw#40.00,49.00,-21.00#DCM:#-0.45,0.82,0.36,0.89,0.44,0.12,-0.06,0.38,-0.92,

#T-YPR#12292.00#YPR=#11